[0, 27, 711.7575]
[0, 53, 700.3575]
[0, 204, 614.345]
[0, 324, 568.5325]
[0, 339, 564.3175]
[0, 444, 534.125]
[1, 430, 538.7625]
[1, 406, 546.195]
[1, 124, 660.4575]
[1, 11, 718.02]
[2, 186, 624.14]
[2, 469, 525.2475]
[3, 419, 543.0325]
[3, 276, 586.47]
[3, 251, 596.0275]
[3, 156, 641.815]
[3, 113, 668.98]
[3, 83, 687.105]
[4, 64, 699.2575]
[4, 94, 680.8525]
[4, 374, 556.5825]
[4, 456, 530.8475000000001]
[5, 481, 521.1225]
[5, 386, 552.485]
[5, 360, 560.4425]
[5, 300, 578.7425]
[6, 41, 710.45]
[6, 168, 636.765]
[6, 213, 612.1875]
[6, 290, 583.165]
[6, 314, 574.69]
[6, 349, 563.8325]
[6, 495, 508.2325]
[7, 227, 607.0275]
[7, 133, 659.085]
[7, 19, 720.3125]
[8, 197, 620.795]
[8, 397, 549.9325]
[9, 330, 570.4475]
[9, 238, 602.8675]
[9, 146, 652.065]
[10, 0, 731.7575]
[10, 264, 592.5175]
[12, 340, 568.1775]
[13, 408, 547.4825]
[13, 380, 556.615]
[13, 252, 598.6825]
[13, 110, 678.745]
[13, 100, 684.82]
[13, 52, 711.5125]
[14, 65, 706.15]
[14, 433, 539.6675]
[14, 444, 536.0274999999999]
[14, 460, 529.76]
[14, 472, 524.8175]
[15, 418, 544.72]
[15, 359, 563.75]
[15, 175, 636.9475]
[15, 124, 670.965]
[15, 26, 724.23]
[16, 37, 720.6075]
[16, 79, 700.055]
[16, 190, 628.5275]
[16, 203, 620.765]
[16, 485, 515.2325000000001]
[17, 309, 579.3475]
[17, 278, 590.145]
[17, 158, 649.2975]
[18, 216, 615.76]
[18, 320, 576.02]
[18, 370, 561.015]
[20, 293, 586.66]
[21, 389, 554.6425]
[22, 11, 738.68]
[22, 87, 699.26]
[22, 228, 611.92]
[22, 454, 533.02]
[23, 269, 594.4325]
[23, 140, 664.5675]
[23, 100, 692.2425]
[24, 129, 673.1925]
[24, 472, 520.6875]
[25, 495, 498.725]
[25, 419, 545.3225]
[25, 360, 565.72]
[25, 341, 571.3975]
[25, 328, 575.1675]
[25, 246, 605.7925]
[25, 151, 658.0175]
[25, 64, 714.4275]
[26, 39, 727.665]
[26, 52, 722.52]
[26, 182, 637.965]
[26, 405, 550.55]
[26, 433, 540.5825]
[27, 192, 632.355]
[27, 161, 652.97]
[27, 1, 748.67]
[28, 25, 736.2825]
[28, 308, 582.7825]
[28, 318, 579.12]
[28, 376, 561.6975]
[28, 482, 511.4]
[29, 260, 601.575]
[29, 215, 620.6525]
[30, 80, 708.0575]
[30, 114, 686.8575]
[30, 288, 590.325]
[31, 459, 531.7825]
[31, 352, 569.0675]
[31, 298, 586.955]
[31, 277, 593.5425]
[31, 236, 611.3875]
[32, 15, 745.36]
[32, 90, 703.0975]
[32, 171, 648.9775]
[32, 397, 554.0075]
[33, 442, 536.79]
[33, 203, 629.215]
[33, 144, 667.9575]
[33, 100, 697.5475]
[34, 128, 678.92]
[34, 251, 606.4425]
[34, 366, 565.315]
[34, 472, 517.685]
[36, 226, 618.22]
[36, 413, 548.27]
[36, 490, 499.3825]
[38, 317, 581.61]
[38, 333, 575.6775]
[38, 389, 558.0425]
[38, 425, 544.6325]
[39, 156, 662.8875]
[39, 65, 724.23]
[40, 54, 730.695]
[40, 84, 711.3575]
[40, 454, 533.03]
[41, 403, 553.11]
[41, 265, 603.0375]
[41, 166, 657.13]
[41, 107, 697.3325]
[41, 20, 749.5425]
[41, 4, 758.4175]
[42, 40, 739.2775]
[42, 178, 650.0825]
[42, 245, 611.505]
[42, 289, 591.85]
[42, 302, 588.0475]
[43, 478, 514.3199999999999]
[43, 437, 539.88]
[43, 199, 637.35]
[43, 188, 644.3275]
[43, 142, 674.6275]
[43, 95, 705.72]
[44, 125, 685.355]
[44, 342, 574.475]
[45, 255, 608.975]
[45, 209, 631.95]
[45, 30, 747.0125]
[46, 219, 626.64]
[46, 230, 620.505]
[46, 379, 563.03]
[47, 468, 525.6424999999999]
[47, 76, 721.5]
[48, 357, 570.56]
[48, 424, 545.1025]
[48, 448, 536.1]
[48, 494, 505.9525]
[49, 389, 559.47]
[49, 113, 697.005]
[50, 14, 759.05]
[50, 275, 600.92]
[50, 414, 548.075]
[51, 403, 553.6575]
[51, 297, 591.6175]
[51, 165, 664.0425]
[52, 41, 745.37]
[52, 242, 616.8125]
[52, 323, 582.53]
[53, 481, 513.6925]
[53, 371, 566.9825]
[53, 347, 574.335]
[53, 153, 672.92]
[53, 89, 715.68]
[54, 104, 705.535]
[54, 204, 640.1575]
[54, 285, 597.0025]
[54, 307, 588.645]
[55, 439, 540.7049999999999]
[55, 259, 610.27]
[55, 192, 649.005]
[55, 139, 681.6775]
[55, 124, 691.96]
[55, 26, 755.335]
[56, 62, 735.09]
[56, 177, 658.7875]
[56, 456, 526.1675]
[57, 333, 579.765]
[57, 1, 768.7625]
[58, 50, 743.5475]
[58, 219, 633.2975]
[58, 394, 558.5675]
[59, 470, 514.0550000000001]
[59, 360, 571.3825]
[60, 248, 616.7075]
[60, 271, 606.3525]
[60, 421, 546.5175]
[61, 431, 542.3425]
[61, 379, 564.2825]
[62, 73, 731.7075]
[62, 405, 553.7425]
[63, 498, 511.6925]
[63, 488, 508.075]
[63, 302, 592.72]
[63, 238, 623.13]
[63, 130, 691.6975]
[63, 88, 722.33]
[63, 38, 753.0225]
[64, 169, 668.78]
[64, 227, 630.535]
[64, 314, 588.7]
[64, 341, 578.5825]
[64, 444, 540.3475000000001]
[65, 210, 643.065]
[65, 148, 681.68]
[65, 102, 712.6325]
[66, 28, 759.2675]
[66, 291, 597.6525]
[66, 326, 584.065]
[66, 454, 530.2574999999999]
[67, 478, 512.595]
[67, 260, 613.7025]
[67, 190, 656.2875]
[67, 118, 701.865]
[67, 10, 769.115]
[68, 414, 549.965]
[68, 464, 523.615]
[69, 159, 677.65]
[69, 138, 689.535]
[70, 47, 751.6525]
[70, 63, 741.64]
[70, 278, 606.9075]
[70, 396, 558.6525]
[71, 432, 545.6175]
[71, 350, 576.765]
[72, 94, 722.3375]
[72, 243, 624.825]
[72, 335, 581.13]
[72, 364, 571.5875]
[73, 375, 567.7125]
[73, 307, 593.33]
[73, 221, 639.6075]
[73, 203, 651.2275]
[73, 109, 711.6225]
[74, 78, 734.26]
[74, 178, 668.1575]
[74, 268, 612.7675]
[74, 493, 521.7725]
[75, 2, 776.19]
[76, 323, 586.48]
[76, 405, 555.175]
[76, 421, 547.265]
[76, 458, 535.5725]
[77, 294, 600.12]
[77, 167, 676.6875]
[77, 120, 705.4275]
[77, 30, 762.7075]
[78, 14, 771.3575]
[78, 257, 620.2975]
[78, 386, 563.5075]
[78, 473, 520.5699999999999]
[79, 229, 637.11]
[79, 154, 684.35]
[79, 134, 697.555]
[79, 40, 759.025]
[80, 59, 748.8225]
[80, 88, 730.0975]
[80, 283, 607.095]
[81, 448, 541.7325000000001]
[82, 144, 691.8825]
[82, 211, 650.9325]
[83, 359, 575.8125]
[83, 340, 583.1175]
[83, 273, 614.075]
[83, 190, 664.6725]
[83, 108, 716.4075]
[83, 98, 724.32]
[84, 177, 674.4475]
[84, 243, 630.8875]
[84, 372, 570.965]
[85, 74, 741.54]
[86, 6, 778.375]
[86, 422, 551.5725]
[86, 434, 548.455]
[86, 486, 531.6424999999999]
[87, 222, 645.545]
[87, 160, 684.81]
[87, 46, 758.835]
[87, 32, 765.5975]
[88, 127, 706.015]
[88, 262, 622.315]
[88, 392, 562.065]
[88, 497, 530.7625]
[89, 462, 535.915]
[89, 330, 588.65]
[89, 299, 602.3075]
[90, 150, 692.1475]
[90, 310, 595.4525]
[90, 320, 592.375]
[90, 348, 582.08]
[90, 408, 556.5175]
[91, 380, 567.3725]
[91, 288, 608.55]
[91, 252, 628.97]
[91, 62, 751.7225]
[92, 85, 738.0225]
[92, 171, 681.315]
[92, 202, 661.09]
[92, 236, 639.2725]
[93, 271, 619.1075]
[93, 190, 669.8075]
[94, 110, 720.2675]
[94, 360, 577.185]
[94, 471, 535.8050000000001]
[95, 448, 546.7725]
[95, 52, 758.7375]
[95, 23, 773.41]
[96, 371, 573.35]
[96, 491, 537.4225]
[97, 222, 650.5125]
[97, 211, 657.7575]
[97, 159, 689.8525]
[97, 38, 765.925]
[97, 12, 779.285]
[98, 97, 732.1675]
[99, 422, 556.005]
[99, 403, 560.01]
[99, 391, 564.635]
[99, 342, 587.2125]
[99, 280, 616.48]
[99, 122, 714.27]
[100, 141, 702.455]
[100, 326, 593.025]
[100, 352, 581.9925]
[101, 313, 598.0525]
[101, 297, 608.3375]
[101, 250, 634.7525]
[102, 171, 685.17]
[102, 185, 676.9225]
[102, 232, 645.7775]
[102, 499, 540.23]
[103, 435, 551.54]
[103, 0, 787.7625]
[104, 73, 750.17]
[104, 460, 544.45]
[105, 486, 543.7825]
[105, 476, 545.3625]
[105, 83, 744.51]
[105, 50, 762.7175]
[105, 30, 773.0825]
[106, 61, 757.725]
[106, 374, 574.0425]
[107, 397, 564.4975]
[107, 385, 568.935]
[107, 305, 605.3775]
[107, 263, 629.8325]
[107, 130, 713.4675]
[107, 10, 783.5475]
[108, 242, 642.86]
[108, 444, 550.695]
[109, 410, 561.68]
[109, 207, 665.6775]
[109, 193, 675.295]
[110, 94, 740.045]
[110, 285, 618.1275]
[110, 322, 596.88]
[110, 333, 593.525]
[110, 423, 558.6525]
[111, 224, 656.165]
[112, 39, 770.605]
[112, 104, 734.095]
[112, 115, 725.95]
[112, 155, 698.795]
[112, 356, 584.375]
[113, 346, 589.72]
[113, 144, 706.3675]
[114, 174, 688.14]
[114, 271, 627.4]
[114, 457, 549.27]
[115, 80, 750.255]
[115, 68, 756.81]
[115, 22, 779.37]
[116, 235, 651.12]
[117, 386, 571.8075]
[117, 312, 602.9525]
[118, 2, 791.5475]
[118, 129, 718.695]
[118, 302, 608.88]
[118, 445, 555.3625]
[118, 474, 550.54]
[118, 487, 550.165]
[119, 418, 563.1025]
[119, 407, 565.9]
[119, 396, 569.0175]
[119, 252, 641.7475]
[119, 57, 763.095]
[120, 191, 681.1875]
[120, 336, 595.7825]
[120, 362, 584.7075]
[121, 498, 550.3375]
[121, 435, 556.805]
[121, 262, 634.82]
[121, 161, 698.485]
[121, 89, 747.19]
[122, 102, 740.075]
[122, 115, 730.675]
[122, 139, 713.7625]
[122, 151, 705.755]
[122, 323, 601.1275]
[123, 290, 618.43]
[123, 203, 674.94]
[123, 47, 769.2725]
[124, 11, 787.99]
[124, 213, 669.35]
[124, 465, 552.78]
[125, 377, 576.985]
[125, 350, 591.635]
[125, 280, 625.3]
[125, 225, 662.355]
[125, 179, 689.1325]
[125, 30, 777.9625]
[126, 72, 757.625]
[127, 451, 556.615]
[128, 315, 606.75]
[129, 270, 632.94]
[130, 82, 753.8425]
[130, 133, 721.77]
[130, 192, 684.415]
[130, 477, 554.245]
[131, 499, 555.355]
[131, 488, 554.93]
[131, 421, 566.42]
[131, 367, 583.46]
[131, 296, 616.26]
[131, 21, 783.9675]
[132, 42, 773.7325]
[132, 63, 763.285]
[132, 119, 733.175]
[132, 146, 713.7275]
[132, 240, 656.465]
[132, 395, 573.6125]
[132, 407, 570.915]
[134, 109, 740.29]
[134, 220, 669.485]
[134, 460, 559.2425]
[135, 445, 562.015]
[135, 380, 582.0375]
[135, 351, 594.4525]
[135, 336, 600.42]
[135, 279, 630.3275]
[135, 201, 680.8425]
[135, 173, 697.0975]
[135, 3, 795.715]
[136, 52, 769.6475]
[136, 90, 751.4525]
[136, 163, 703.195]
[136, 230, 663.9925]
[136, 261, 644.0225]
[137, 250, 652.935]
[139, 433, 566.7825]
[139, 361, 590.4725]
[139, 302, 617.4775]
[139, 184, 691.9575]
[140, 140, 721.5575]
[140, 153, 712.16]
[140, 212, 676.775]
[140, 415, 572.2025]
[140, 470, 560.0925]
[140, 482, 560.1525]
[140, 494, 559.8125]
[141, 372, 587.655]
[141, 323, 608.79]
[141, 77, 758.825]
[142, 31, 781.0]
[142, 101, 747.66]
[142, 115, 739.9825]
[142, 130, 730.3725]
[142, 312, 613.53]
[142, 404, 576.2625]
[143, 285, 629.8475]
[143, 66, 764.0875]
[143, 9, 794.185]
[145, 444, 567.825]
[145, 349, 598.3425]
[145, 198, 686.82]
[146, 226, 671.0075]
[146, 239, 663.2875]
[146, 255, 654.5875]
[146, 461, 565.935]
[147, 392, 582.1]
[147, 173, 701.72]
[147, 52, 772.1425]
[148, 19, 789.15]
[148, 90, 754.385]
[148, 160, 710.34]
[148, 266, 647.04]
[148, 421, 574.8975]
[149, 432, 572.9525]
[149, 299, 623.2575]
[149, 42, 777.2475]
[150, 123, 738.45]
[150, 148, 720.14]
[150, 382, 589.0075]
[150, 411, 578.7125]
[150, 477, 566.4125]
[151, 496, 564.8075]
[152, 103, 749.3775]
[152, 113, 744.41]
[152, 323, 612.05]
[153, 356, 598.5825]
[153, 311, 617.575]
[153, 182, 698.87]
[153, 135, 732.25]
[153, 31, 783.2225]
[154, 6, 797.19]
[154, 338, 605.2525]
[155, 446, 573.6]
[155, 279, 640.45]
[155, 203, 687.915]
[155, 192, 694.265]
[155, 59, 770.0775]
[156, 255, 660.315]
[156, 366, 597.3125]
[156, 403, 584.72]
[157, 485, 569.33]
[157, 291, 632.9325]
[157, 228, 676.265]
[157, 213, 683.67]
[158, 73, 763.485]
[159, 461, 572.91]
[159, 166, 711.32]
[159, 86, 758.8475]
[159, 18, 790.815]
[160, 97, 753.9075]
[160, 384, 593.835]
[160, 430, 579.14]
[161, 238, 672.725]
[161, 120, 743.595]
[162, 107, 749.9075]
[162, 349, 605.54]
[162, 420, 582.7375]
[163, 493, 571.2675]
[163, 266, 655.7725]
[164, 31, 784.5975]
[164, 47, 777.1025]
[164, 135, 736.965]
[164, 152, 723.84]
[164, 327, 616.55]
[164, 372, 599.235]
[165, 478, 574.27]
[165, 197, 695.57]
[165, 178, 706.4125]
[166, 276, 649.56]
[166, 286, 640.5025]
[166, 300, 630.7175]
[167, 359, 603.6825]
[167, 317, 622.93]
[168, 397, 593.49]
[168, 412, 589.1525]
[169, 436, 583.61]
[169, 340, 613.255]
[169, 256, 664.3475]
[169, 71, 766.5725]
[169, 18, 789.3725]
[169, 1, 790.8625]
[170, 161, 720.3175]
[171, 447, 583.15]
[171, 227, 683.305]
[171, 212, 689.44]
[171, 112, 750.095]
[171, 99, 755.55]
[172, 61, 772.3775]
[172, 423, 588.7025]
[172, 458, 581.9425]
[173, 386, 600.1875]
[173, 237, 678.0875]
[173, 191, 702.6425]
[174, 202, 696.6575]
[174, 247, 672.36]
[175, 497, 577.54]
[175, 487, 578.945]
[175, 291, 642.86]
[175, 181, 708.55]
[175, 170, 716.03]
[175, 138, 738.0075]
[175, 87, 761.59]
[176, 280, 650.6975]
[176, 301, 636.355]
[177, 364, 607.845]
[177, 270, 657.6875]
[177, 45, 779.24]
[178, 125, 745.49]
[178, 311, 632.375]
[178, 431, 589.5275]
[178, 472, 583.2875]
[179, 397, 599.77]
[179, 375, 605.915]
[179, 260, 664.805]
[179, 219, 689.37]
[179, 75, 766.8975]
[179, 31, 783.5]
[180, 10, 779.225]
[180, 148, 733.04]
[180, 335, 622.12]
[180, 347, 617.4775]
[181, 452, 587.5025]
[181, 103, 755.8425]
[183, 442, 589.6775]
[183, 324, 629.2375]
[183, 234, 683.3775]
[183, 193, 705.4675]
[183, 53, 776.3425]
[184, 21, 778.95]
[184, 207, 698.74]
[184, 410, 597.905]
[185, 356, 616.4475]
[185, 295, 645.665]
[186, 163, 725.6125]
[186, 176, 716.525]
[187, 282, 654.845]
[187, 253, 673.4525]
[188, 42, 779.29]
[188, 91, 762.43]
[188, 266, 665.0975]
[189, 484, 587.99]
[189, 461, 590.715]
[189, 218, 694.51]
[189, 136, 742.06]
[189, 118, 751.345]
[191, 427, 598.7975]
[191, 332, 630.3625]
[191, 242, 682.8425]
[191, 146, 737.125]
[191, 102, 758.625]
[191, 75, 768.16]
[192, 386, 608.82]
[192, 399, 606.315]
[192, 417, 601.6875]
[192, 497, 588.06]
[193, 445, 596.125]
[193, 370, 615.39]
[193, 306, 643.8775]
[193, 201, 705.3725]
[193, 191, 710.52]
[193, 65, 771.705]
[193, 53, 775.5975]
[193, 4, 760.48]
[194, 27, 770.3525]
[195, 471, 593.455]
[195, 347, 626.4375]
[195, 229, 690.735]
[196, 155, 733.26]
[196, 359, 622.065]
[197, 319, 640.0575]
[198, 38, 769.645]
[198, 83, 766.355]
[198, 110, 756.7325]
[198, 126, 749.625]
[198, 181, 718.315]
[198, 282, 660.2425]
[198, 456, 598.11]
[198, 489, 592.4075]
[199, 270, 668.345]
[200, 218, 699.94]
[200, 256, 677.935]
[200, 437, 602.195]
[201, 427, 604.7475]
[201, 412, 607.9025]
[201, 300, 652.5925]
[201, 14, 754.52]
[202, 96, 762.6225]
[202, 145, 740.2725]
[202, 208, 705.335]
[202, 339, 634.1725]
[202, 387, 615.3225]
[202, 402, 611.405]
[203, 498, 593.845]
[203, 477, 597.36]
[203, 465, 600.2025]
[203, 170, 726.375]
[203, 69, 769.685]
[204, 57, 770.2025]
[204, 197, 711.435]
[204, 352, 629.965]
[205, 243, 687.885]
[206, 5, 744.49]
[206, 24, 753.015]
[206, 232, 693.7825]
[206, 363, 626.7175]
[207, 323, 644.6]
[207, 47, 762.595]
[208, 282, 665.725]
[208, 375, 623.705]
[209, 119, 755.0]
[209, 86, 765.56]
[210, 37, 754.0725]
[210, 138, 746.065]
[210, 272, 673.4825]
[210, 396, 617.72]
[210, 421, 610.565]
[211, 490, 599.625]
[211, 452, 607.4675]
[211, 436, 609.49]
[211, 308, 654.7025]
[211, 223, 701.9125]
[211, 152, 738.2275]
[212, 164, 732.575]
[212, 292, 662.67]
[213, 463, 606.4975]
[213, 252, 687.0925]
[213, 192, 717.9575]
[214, 182, 723.45]
[214, 211, 708.6025]
[214, 473, 605.1]
[215, 350, 638.5125]
[215, 103, 761.505]
[215, 55, 756.5225]
[215, 11, 735.8725]
[217, 498, 601.705]
[217, 444, 612.165]
[217, 407, 619.0025]
[217, 317, 654.42]
[217, 242, 693.9475]
[218, 45, 748.3875]
[218, 69, 759.68]
[218, 283, 671.105]
[218, 330, 649.3475]
[219, 484, 605.775]
[219, 383, 628.6575]
[219, 262, 684.4325]
[219, 173, 729.6425]
[220, 340, 646.3475]
[221, 358, 639.5675]
[221, 198, 717.9275]
[221, 152, 741.2]
[221, 25, 734.92]
[222, 233, 701.8025]
[222, 308, 661.0725]
[222, 416, 620.4425]
[223, 369, 635.8175]
[223, 128, 753.715]
[223, 118, 757.125]
[223, 96, 762.76]
[223, 85, 761.515]
[224, 3, 722.2875]
[224, 141, 747.8875]
[224, 185, 725.3625]
[225, 462, 613.1775]
[225, 249, 694.2675]
[226, 39, 736.1375]
[226, 106, 760.575]
[226, 207, 715.07]
[226, 398, 627.845]
[227, 450, 617.4525]
[227, 437, 619.525]
[227, 425, 622.02]
[227, 161, 737.67]
[227, 55, 742.6775]
[228, 300, 668.3825]
[228, 324, 658.6325]
[228, 496, 608.8625]
[229, 346, 650.5575]
[229, 273, 683.925]
[229, 220, 710.7025]
[230, 284, 678.3175]
[230, 387, 635.1275]
[231, 470, 615.95]
[231, 357, 647.5775]
[231, 257, 693.29]
[231, 27, 724.26]
[232, 13, 717.03]
[232, 147, 746.2525]
[232, 311, 666.3375]
[232, 375, 639.9475]
[233, 406, 630.8625]
[233, 174, 733.1575]
[233, 136, 751.215]
[233, 121, 755.9275]
[234, 69, 741.55]
[234, 184, 729.1325]
[234, 201, 720.8425]
[234, 332, 660.1]
[234, 417, 628.94]
[235, 480, 616.3975]
[235, 80, 745.915]
[236, 111, 757.5275]
[236, 233, 707.7625]
[236, 442, 624.345]
[237, 295, 677.2575]
[237, 45, 726.205]
[238, 366, 648.7725]
[238, 461, 621.9975]
[239, 4, 705.5725]
[240, 425, 631.3075]
[241, 274, 690.665]
[241, 248, 704.005]
[241, 192, 727.545]
[241, 166, 738.875]
[241, 23, 711.0]
[242, 57, 726.585]
[242, 94, 744.4025]
[242, 216, 717.38]
[242, 450, 627.1575]
[243, 357, 656.53]
[243, 144, 749.48]
[244, 13, 703.2775]
[244, 155, 745.0325]
[244, 177, 734.69]
[244, 202, 723.81]
[244, 305, 676.865]
[244, 347, 660.87]
[245, 496, 619.92]
[245, 400, 641.6375]
[245, 390, 645.34]
[245, 335, 666.2125]
[245, 238, 709.97]
[245, 129, 753.0025]
[246, 226, 714.8675]
[246, 318, 672.885]
[246, 475, 625.115]
[247, 436, 634.065]
[247, 289, 687.2325]
[247, 106, 744.815]
[247, 78, 731.345]
[247, 33, 708.53]
[248, 262, 701.2475]
[249, 411, 641.6475]
[249, 378, 652.81]
[249, 368, 656.6575]
[249, 186, 732.4475]
[251, 485, 626.8325]
[251, 64, 720.2175]
[252, 51, 712.5075]
[252, 95, 734.15]
[252, 279, 695.5025]
[252, 422, 641.24]
[252, 452, 634.525]
[252, 467, 631.4525]
[253, 161, 743.9675]
[254, 8, 691.8925]
[254, 24, 697.7875]
[254, 121, 745.04]
[254, 215, 721.605]
[255, 299, 687.2525]
[255, 240, 713.415]
[255, 171, 739.6525]
[255, 134, 749.96]
[255, 84, 725.9525]
[256, 40, 702.7675]
[256, 147, 749.0425]
[256, 201, 727.7425]
[256, 225, 718.7675]
[256, 326, 677.4275]
[257, 338, 673.6025]
[257, 270, 702.5525]
[258, 360, 666.3925]
[258, 497, 629.5375]
[259, 412, 649.7375]
[259, 383, 659.3225]
[259, 348, 671.4025]
[259, 255, 709.2825]
[259, 187, 734.1675]
[259, 106, 732.9125]
[260, 400, 654.1925]
[260, 476, 635.8875]
[261, 441, 644.0625]
[261, 70, 712.355]
[261, 16, 687.9525]
[262, 287, 698.215]
[262, 308, 688.1275]
[262, 428, 648.5575]
[262, 451, 642.915]
[262, 462, 640.63]
[263, 318, 685.1775]
[263, 209, 726.515]
[263, 2, 681.9275]
[264, 47, 698.25]
[264, 57, 702.75]
[264, 93, 721.8175]
[264, 126, 738.5875]
[264, 371, 667.3875]
[265, 298, 694.4125]
[265, 242, 715.94]
[265, 156, 746.62]
[266, 28, 687.88]
[266, 141, 743.1025]
[267, 328, 685.1625]
[267, 262, 710.1825]
[268, 80, 711.565]
[268, 173, 740.355]
[268, 199, 731.65]
[268, 490, 639.2775]
[269, 388, 665.71]
[269, 353, 677.5]
[269, 272, 707.93]
[270, 116, 728.5375]
[271, 443, 652.25]
[271, 416, 660.0925]
[271, 401, 663.65]
[271, 229, 721.9875]
[271, 16, 679.55]
[272, 103, 719.0925]
[272, 133, 734.93]
[272, 253, 714.91]
[272, 378, 671.6425]
[272, 467, 647.7025]
[273, 217, 726.7325]
[274, 48, 689.335]
[274, 89, 710.0275]
[275, 477, 647.7275]
[275, 343, 685.7275]
[275, 289, 705.205]
[275, 152, 739.785]
[275, 35, 682.3575]
[276, 180, 738.8625]
[277, 496, 644.8725]
[277, 455, 655.0575]
[277, 264, 713.24]
[277, 191, 736.0825]
[277, 166, 741.94]
[277, 75, 701.115]
[277, 1, 668.145]
[278, 60, 691.57]
[278, 201, 733.355]
[278, 302, 701.12]
[278, 366, 679.5475]
[279, 436, 662.06]
[280, 244, 720.43]
[280, 423, 666.2125]
[281, 315, 697.6775]
[281, 223, 726.71]
[282, 111, 713.925]
[282, 144, 730.3425]
[282, 212, 730.8325]
[282, 254, 717.9525]
[282, 405, 672.1225]
[283, 487, 652.6675]
[283, 130, 722.9825]
[284, 29, 670.8725]
[284, 233, 724.3825]
[284, 327, 695.5425]
[285, 392, 677.9075]
[285, 279, 712.5425]
[285, 172, 738.05]
[285, 18, 667.86]
[286, 345, 692.075]
[286, 449, 665.2025]
[287, 497, 653.285]
[287, 469, 661.0025]
[287, 415, 674.2225]
[287, 357, 689.365]
[287, 264, 716.8975]
[287, 184, 737.185]
[287, 153, 728.9075]
[287, 96, 701.3175]
[288, 44, 675.1025]
[288, 76, 691.5625]
[288, 204, 734.365]
[288, 368, 687.3275]
[289, 379, 685.9]
[290, 288, 712.1525]
[290, 428, 673.7925]
[291, 299, 709.5075]
[292, 107, 702.4875]
[292, 220, 730.8375]
[292, 244, 723.1375]
[292, 255, 720.8625]
[292, 438, 673.1225]
[293, 457, 669.98]
[293, 122, 709.4]
[293, 86, 691.275]
[293, 2, 661.83]
[294, 56, 675.6525]
[294, 66, 680.8475]
[294, 167, 728.5125]
[294, 337, 698.66]
[296, 37, 664.98]
[296, 198, 735.5775]
[296, 269, 719.0075]
[296, 313, 706.9975]
[296, 397, 685.115]
[297, 491, 664.6975]
[297, 468, 671.0425]
[297, 359, 694.7625]
[297, 178, 731.0825]
[297, 157, 721.22]
[297, 138, 713.1075]
[297, 26, 661.7575]
[298, 209, 734.3225]
[298, 480, 668.8425]
[299, 423, 682.24]
[299, 408, 685.0375]
[299, 13, 660.185]
[300, 288, 715.755]
[301, 388, 690.4775]
[301, 328, 704.9025]
[302, 47, 665.9775]
[302, 105, 692.7375]
[302, 229, 730.2075]
[303, 347, 701.485]
[303, 258, 723.47]
[304, 72, 676.325]
[304, 84, 681.5]
[304, 94, 686.135]
[304, 148, 710.8875]
[304, 452, 680.9125]
[305, 438, 684.555]
[305, 277, 720.5475]
[305, 170, 720.3475]
[306, 21, 658.8875]
[307, 468, 680.0175]
[307, 375, 697.0725]
[307, 297, 715.95]
[307, 190, 727.91]
[307, 5, 657.705]
[308, 39, 660.5125]
[308, 59, 665.4425]
[308, 114, 692.4575]
[308, 314, 711.6475]
[308, 356, 702.0175]
[308, 480, 677.6875]
[309, 495, 674.31]
[309, 428, 690.3925]
[309, 414, 691.72]
[309, 244, 727.1575]
[309, 136, 701.4175]
[310, 126, 696.31]
[311, 341, 707.2325]
[311, 330, 709.275]
[312, 217, 732.32]
[312, 234, 731.185]
[313, 403, 695.7425]
[313, 259, 725.79]
[313, 179, 717.19]
[313, 164, 710.185]
[314, 206, 730.3025]
[314, 365, 703.2975]
[315, 154, 704.345]
[315, 88, 675.4125]
[315, 48, 659.075]
[315, 13, 655.885]
[316, 144, 699.3325]
[316, 270, 725.0425]
[316, 390, 699.43]
[316, 452, 691.5275]
[317, 101, 679.3025]
[318, 283, 723.4]
[318, 293, 721.07]
[318, 308, 717.0025]
[319, 432, 697.205]
[319, 34, 656.2]
[320, 113, 683.1025]
[320, 195, 719.6325]
[320, 464, 692.305]
[321, 481, 689.2175]
[321, 351, 709.4425]
[321, 324, 714.6675]
[321, 69, 663.485]
[322, 5, 653.4525]
[322, 79, 667.175]
[322, 130, 689.8225]
[322, 242, 728.6075]
[322, 252, 726.8275]
[322, 415, 700.39]
[323, 444, 698.7775]
[323, 381, 705.42]
[323, 337, 713.1575]
[323, 168, 704.215]
[324, 21, 653.075]
[325, 405, 703.3775]
[325, 184, 710.225]
[325, 150, 696.0675]
[325, 89, 668.975]
[326, 59, 657.98]
[326, 211, 723.605]
[326, 300, 722.3475]
[326, 492, 689.68]
[327, 424, 703.465]
[327, 268, 726.7775]
[327, 226, 729.2975]
[327, 43, 653.555]
[328, 121, 680.435]
[328, 138, 689.1125]
[328, 278, 726.25]
[328, 290, 725.1925]
[329, 395, 706.89]
[330, 32, 651.6275]
[330, 198, 713.495]
[330, 367, 711.5725]
[330, 476, 698.3525]
[331, 356, 713.68]
[332, 97, 668.0275]
[332, 109, 672.57]
[332, 313, 721.0975]
[333, 344, 716.68]
[333, 251, 726.1275]
[334, 9, 649.2525]
[334, 20, 649.56]
[334, 457, 704.86]
[335, 410, 709.7775]
[335, 386, 712.145]
[335, 328, 719.82]
[336, 165, 695.4775]
[336, 207, 713.4825]
[336, 298, 726.18]
[337, 447, 709.265]
[337, 434, 710.5575]
[337, 376, 714.315]
[337, 230, 723.3225]
[337, 180, 700.25]
[337, 74, 657.145]
[338, 150, 687.3225]
[338, 283, 726.96]
[339, 497, 699.695]
[339, 137, 680.19]
[339, 124, 673.965]
[339, 37, 648.34]
[340, 53, 650.2575]
[340, 473, 706.2825]
[340, 485, 703.78]
[341, 261, 724.36]
[341, 241, 723.4525]
[342, 87, 657.945]
[342, 111, 666.445]
[343, 416, 715.2925]
[343, 362, 719.2175]
[343, 217, 712.54]
[343, 189, 699.775]
[343, 64, 651.79]
[343, 2, 646.5175]
[344, 98, 660.17]
[345, 401, 717.24]
[345, 385, 718.0525]
[345, 274, 724.555]
[346, 20, 645.1875]
[346, 323, 724.515]
[346, 352, 721.57]
[346, 459, 713.8175]
[347, 304, 726.39]
[347, 206, 704.0775]
[348, 285, 724.8875]
[348, 336, 723.7425]
[348, 375, 720.4875]
[348, 431, 718.5575]
[348, 492, 707.0825]
[349, 226, 710.8525]
[349, 175, 689.9325]
[350, 76, 650.915]
[350, 249, 719.055]
[350, 469, 714.6275]
[351, 196, 696.2525]
[351, 57, 646.0525]
[352, 37, 643.8925]
[352, 125, 666.4925]
[352, 450, 719.5675]
[353, 162, 680.3175]
[353, 146, 674.03]
[353, 135, 669.9775]
[353, 10, 642.7775]
[354, 101, 656.5225]
[354, 111, 659.9725]
[354, 263, 718.865]
[354, 345, 725.245]
[355, 481, 714.99]
[355, 386, 723.2]
[355, 358, 724.7675]
[355, 273, 719.6475]
[355, 184, 688.2475]
[355, 90, 652.7475]
[356, 47, 643.325]
[356, 68, 646.18]
[356, 405, 723.5075]
[356, 461, 720.495]
[357, 370, 724.85]
[357, 236, 707.835]
[359, 315, 722.815]
[359, 226, 701.885]
[360, 395, 725.2325]
[360, 421, 725.3875]
[361, 472, 721.4375]
[361, 325, 722.48]
[361, 199, 688.39]
[362, 2, 638.9925]
[362, 38, 641.2675]
[362, 60, 642.43]
[362, 216, 694.84]
[362, 298, 718.6125]
[362, 335, 722.5425]
[362, 431, 726.25]
[362, 441, 725.9375]
[362, 452, 725.4375]
[363, 496, 715.735]
[363, 378, 726.295]
[363, 279, 716.3325]
[363, 23, 640.29]
[363, 12, 639.655]
[364, 101, 651.0825]
[364, 138, 664.875]
[364, 173, 675.445]
[364, 248, 705.5325]
[364, 352, 724.1625]
[365, 486, 720.3625]
[365, 82, 645.225]
[366, 158, 669.7425]
[367, 411, 727.405]
[367, 267, 708.6525]
[367, 70, 642.23]
[367, 47, 640.6025]
[368, 122, 656.255]
[369, 192, 677.97]
[369, 110, 651.1625]
[370, 32, 639.105]
[370, 92, 645.54]
[370, 257, 700.62]
[370, 392, 727.5075]
[371, 457, 729.105]
[371, 446, 729.5325]
[371, 229, 688.9675]
[371, 210, 681.6975]
[372, 145, 661.545]
[372, 294, 705.535]
[373, 374, 720.5275]
[373, 363, 717.38]
[373, 320, 706.63]
[373, 284, 702.86]
[373, 240, 690.16]
[373, 56, 639.47]
[373, 11, 636.07]
[374, 174, 669.1275]
[374, 330, 705.64]
[374, 341, 707.3075]
[374, 469, 728.82]
[375, 499, 721.2]
[375, 483, 726.7525]
[375, 404, 724.705]
[375, 1, 633.7825]
[376, 81, 640.425]
[376, 100, 644.19]
[376, 184, 670.54]
[376, 308, 701.05]
[377, 428, 724.335]
[377, 160, 661.985]
[377, 136, 654.745]
[377, 66, 638.3]
[377, 23, 636.2875]
[378, 126, 650.82]
[378, 202, 673.81]
[378, 352, 706.3125]
[378, 386, 717.085]
[378, 438, 725.5375]
[379, 417, 719.9575]
[379, 216, 675.935]
[379, 48, 636.1]
[380, 37, 636.0575]
[381, 91, 640.755]
[382, 151, 654.9575]
[382, 270, 687.0925]
[382, 448, 722.585]
[383, 242, 678.005]
[383, 115, 644.515]
[383, 7, 630.9375]
[384, 332, 691.795]
[384, 361, 701.7825]
[385, 474, 725.65]
[385, 409, 710.375]
[385, 398, 708.5675]
[385, 371, 703.1525]
[385, 230, 672.8375]
[386, 284, 683.7075]
[387, 487, 724.74]
[387, 461, 719.3825]
[387, 254, 677.0425]
[387, 208, 665.19]
[388, 173, 654.825]
[388, 188, 658.8275]
[388, 308, 684.4075]
[388, 351, 693.01]
[388, 427, 707.97]
[389, 320, 684.27]
[389, 294, 680.6375]
[389, 142, 646.85]
[390, 15, 630.1625]
[390, 73, 634.95]
[390, 198, 659.08]
[391, 498, 721.21]
[391, 437, 705.8325]
[391, 380, 696.685]
[391, 341, 685.225]
[391, 163, 650.165]
[392, 61, 633.9275]
[392, 89, 635.35]
[392, 99, 637.225]
[392, 153, 647.23]
[393, 264, 671.1925]
[393, 114, 638.425]
[393, 49, 632.4825]
[393, 26, 631.16]
[394, 131, 641.44]
[394, 452, 705.38]
[395, 474, 710.5925]
[395, 404, 694.39]
[395, 394, 692.78]
[395, 229, 660.13]
[397, 370, 686.59]
[398, 40, 629.5675]
[398, 173, 645.9]
[398, 205, 652.28]
[398, 219, 654.9475]
[398, 276, 666.215]
[399, 420, 690.465]
[399, 304, 669.25]
[399, 286, 665.5525]
[399, 122, 636.1775]
[399, 3, 622.5575]
[400, 69, 631.26]
[400, 238, 656.74]
[400, 328, 671.9225]
[400, 483, 704.54]
[401, 464, 698.815]
[401, 442, 691.68]
[401, 250, 657.89]
[402, 14, 624.45]
[402, 59, 630.6075]
[402, 105, 632.0425]
[402, 155, 640.2375]
[402, 347, 674.8975]
[402, 357, 677.4825]
[402, 430, 688.1325]
[403, 495, 702.6325]
[403, 388, 680.695]
[403, 182, 643.495]
[404, 25, 624.9725]
[405, 453, 689.65]
[405, 402, 679.81]
[405, 268, 656.4125]
[405, 165, 638.4925]
[406, 84, 629.225]
[406, 192, 643.37]
[406, 316, 662.2375]
[406, 336, 666.8675]
[407, 141, 635.275]
[407, 49, 626.9975]
[408, 94, 628.6775]
[408, 293, 655.6875]
[409, 283, 653.03]
[409, 258, 650.7525]
[409, 204, 642.6075]
[410, 229, 645.0925]
[410, 306, 655.405]
[411, 466, 684.1775]
[411, 119, 628.715]
[411, 67, 628.305]
[412, 12, 619.0525]
[412, 37, 621.875]
[412, 105, 627.3425]
[412, 129, 629.155]
[412, 175, 635.18]
[412, 245, 645.205]
[412, 344, 662.225]
[412, 433, 674.7575]
[413, 373, 665.9325]
[413, 154, 632.325]
[414, 0, 615.3025]
[414, 25, 620.0525]
[414, 274, 647.1675]
[414, 412, 669.045]
[414, 479, 682.5]
[415, 492, 683.6275]
[416, 215, 637.2475]
[416, 331, 654.2175]
[416, 362, 660.405]
[416, 383, 663.4775]
[416, 398, 665.04]
[416, 450, 673.41]
[417, 84, 626.055]
[418, 163, 630.4975]
[418, 289, 644.05]
[418, 423, 665.4375]
[419, 301, 644.4225]
[419, 254, 639.9075]
[419, 236, 636.8525]
[419, 189, 632.61]
[419, 96, 624.985]
[420, 112, 624.775]
[421, 463, 669.8375]
[421, 138, 626.7625]
[421, 55, 624.435]
[422, 173, 629.5775]
[423, 354, 651.4125]
[423, 321, 644.81]
[423, 311, 642.2725]
[423, 267, 636.14]
[423, 199, 630.3175]
[423, 5, 612.515]
[424, 18, 614.2575]
[424, 76, 625.2425]
[424, 128, 624.445]
[425, 489, 669.15]
[425, 473, 666.5075]
[425, 438, 659.8275]
[425, 371, 651.8925]
[425, 244, 632.025]
[425, 148, 626.495]
[425, 39, 617.7975]
[426, 215, 628.0625]
[427, 452, 660.1825]
[428, 102, 621.6875]
[428, 165, 625.625]
[428, 230, 628.7875]
[428, 285, 632.4025]
[428, 342, 643.365]
[429, 419, 651.825]
[429, 395, 649.935]
[429, 330, 640.6975]
[429, 300, 634.18]
[429, 67, 624.515]
[430, 385, 647.865]
[430, 498, 664.8925]
[431, 409, 649.0175]
[431, 274, 627.8225]
[431, 259, 626.57]
[431, 180, 622.96]
[432, 26, 610.645]
[432, 51, 619.0875]
[432, 465, 656.195]
[433, 207, 622.4175]
[433, 85, 622.275]
[433, 8, 607.9575]
[434, 313, 631.4975]
[434, 353, 638.925]
[434, 363, 641.235]
[434, 430, 647.325]
[435, 488, 656.365]
[435, 222, 620.08]
[435, 156, 620.0525]
[436, 141, 619.4425]
[436, 189, 619.03]
[436, 242, 620.1925]
[436, 446, 647.7825]
[437, 294, 625.9625]
[437, 127, 618.4475]
[438, 43, 613.795]
[438, 60, 620.67]
[438, 114, 617.9775]
[438, 232, 617.79]
[438, 456, 647.4075]
[439, 476, 649.44]
[439, 252, 616.45]
[440, 76, 621.0825]
[440, 345, 632.4075]
[441, 330, 628.9175]
[441, 270, 616.9275]
[441, 101, 617.9025]
[441, 15, 604.9125]
[442, 280, 617.66]
[442, 376, 633.93]
[442, 390, 635.6]
[442, 422, 637.51]
[442, 438, 639.12]
[442, 466, 643.9925]
[442, 498, 649.07]
[443, 407, 635.86]
[443, 181, 614.85]
[443, 149, 614.92]
[443, 89, 618.8075]
[444, 169, 614.8925]
[445, 487, 644.1425]
[445, 316, 620.725]
[445, 194, 612.545]
[446, 33, 606.81]
[447, 302, 617.8725]
[447, 213, 609.9125]
[447, 159, 613.06]
[448, 2, 597.1725]
[448, 119, 612.785]
[448, 134, 612.085]
[448, 363, 625.8175]
[449, 249, 607.6975]
[449, 45, 608.005]
[450, 226, 607.07]
[450, 237, 606.8875]
[451, 289, 611.285]
[451, 261, 606.4725]
[451, 63, 614.7025]
[452, 74, 615.645]
[452, 106, 613.2025]
[452, 336, 619.76]
[452, 432, 627.735]
[452, 460, 632.43]
[452, 497, 637.025]
[453, 388, 624.03]
[453, 372, 622.27]
[453, 346, 619.4625]
[453, 326, 616.4575]
[453, 204, 606.5]
[454, 22, 598.795]
[454, 91, 614.305]
[454, 415, 624.57]
[455, 448, 627.86]
[456, 356, 617.4475]
[457, 159, 606.1525]
[457, 8, 591.45]
[458, 171, 606.535]
[458, 214, 602.225]
[458, 402, 620.3525]
[458, 476, 626.555]
[459, 315, 607.5775]
[459, 278, 603.9025]
[459, 244, 600.54]
[459, 51, 604.68]
[460, 39, 598.6575]
[460, 99, 610.4975]
[460, 187, 603.335]
[460, 234, 600.365]
[460, 268, 601.05]
[460, 425, 620.505]
[461, 378, 615.2975]
[461, 146, 603.6325]
[461, 63, 609.3425]
[462, 84, 610.645]
[462, 288, 600.8975]
[462, 456, 622.1825]
[462, 494, 627.45]
[463, 224, 598.8225]
[463, 127, 604.34]
[464, 113, 605.79]
[464, 302, 601.4825]
[464, 365, 610.0075]
[465, 468, 619.9625]
[465, 330, 605.595]
[465, 259, 595.635]
[466, 204, 598.055]
[467, 484, 621.6725]
[467, 437, 614.9725]
[467, 388, 611.6775]
[467, 355, 606.31]
[467, 23, 590.095]
[468, 12, 587.1775]
[468, 408, 611.26]
[469, 279, 595.0675]
[469, 166, 599.61]
[470, 69, 602.7325]
[470, 101, 604.445]
[470, 156, 598.5425]
[470, 176, 599.2075]
[470, 189, 597.6025]
[470, 216, 594.75]
[471, 451, 613.29]
[471, 341, 601.45]
[471, 310, 597.145]
[471, 294, 593.4125]
[471, 144, 597.765]
[471, 91, 604.85]
[471, 79, 602.8825]
[472, 0, 581.2275]
[472, 236, 591.71]
[472, 425, 608.9525]
[472, 497, 618.8175]
[473, 377, 604.325]
[473, 133, 597.2025]
[473, 49, 595.74]
[473, 36, 589.59]
[474, 112, 599.7225]
[474, 252, 588.4725]
[475, 364, 600.045]
[475, 225, 590.51]
[475, 122, 597.2875]
[476, 60, 596.715]
[476, 207, 592.0125]
[476, 270, 588.5975]
[476, 473, 612.105]
[477, 460, 609.39]
[477, 286, 588.9]
[478, 15, 581.4825]
[478, 323, 592.84]
[478, 386, 600.565]
[478, 396, 600.9]
[478, 409, 602.545]
[479, 334, 591.5425]
[479, 25, 581.2925]
[480, 102, 597.8425]
[480, 181, 593.13]
[480, 487, 611.235]
[481, 431, 602.035]
[481, 346, 592.69]
[481, 217, 588.6925]
[481, 144, 591.7575]
[481, 90, 596.2125]
[482, 157, 590.925]
[482, 301, 587.945]
[482, 312, 588.965]
[482, 420, 599.135]
[483, 376, 594.675]
[483, 195, 590.3025]
[484, 39, 584.455]
[484, 442, 601.9625]
[485, 453, 602.2725]
[485, 169, 589.645]
[485, 121, 591.595]
[485, 68, 589.445]
[486, 51, 586.675]
[486, 79, 589.865]
[486, 205, 587.2475]
[486, 355, 589.42]
[486, 473, 605.27]
[487, 495, 607.355]
[487, 463, 603.05]
[487, 272, 582.51]
[487, 259, 582.09]
[487, 244, 583.055]
[487, 232, 583.725]
[487, 110, 592.195]
[489, 22, 575.8125]
[490, 130, 586.515]
[490, 334, 581.03]
[490, 366, 586.5425]
[490, 426, 594.7875]
[491, 403, 589.97]
[491, 386, 587.4475]
[491, 317, 580.945]
[491, 215, 583.595]
[491, 188, 587.1125]
[491, 4, 571.1975]
[492, 288, 578.8425]
[493, 416, 589.13]
[493, 344, 582.09]
[493, 32, 577.4825]
[494, 98, 587.4825]
[494, 140, 582.4275]
[494, 159, 582.9125]
[495, 454, 595.64]
[495, 439, 593.1375]
[496, 47, 579.885]
[496, 58, 581.225]
[496, 198, 582.8125]
[496, 486, 601.175]
[497, 305, 577.0975]
[497, 122, 582.2125]
[498, 13, 569.54]
[498, 108, 583.8725]
[498, 228, 578.975]
[498, 256, 576.6425]
[498, 466, 596.815]
[498, 498, 603.515]
[499, 397, 583.08]
[499, 374, 579.625]
[499, 352, 579.1225]
[499, 329, 574.795]
[499, 274, 574.67]
[499, 242, 577.11]
[499, 175, 581.1]
[499, 84, 580.3325]
[499, 74, 580.0175]
