[0, 137, 443.1575]
[0, 179, 441.0175]
[0, 292, 458.0325]
[0, 303, 458.93]
[0, 347, 451.327]
[0, 365, 443.185]
[0, 489, 382.9208]
[1, 415, 411.1267]
[1, 382, 428.2122]
[1, 190, 440.8425]
[1, 160, 441.1825]
[1, 96, 443.0475]
[1, 70, 449.7925]
[1, 30, 455.18]
[2, 229, 446.1775]
[2, 253, 451.815]
[2, 281, 456.5725]
[2, 398, 419.5578]
[2, 433, 403.719]
[2, 467, 388.6744]
[2, 479, 385.5702]
[3, 318, 456.2367]
[3, 239, 448.21]
[3, 219, 442.575]
[3, 201, 439.8]
[4, 5, 460.865]
[4, 127, 443.0125]
[4, 270, 453.3275]
[4, 447, 394.4011]
[4, 457, 390.556]
[5, 147, 440.2325]
[5, 57, 450.7725]
[5, 20, 456.66]
[6, 356, 443.6218]
[7, 497, 380.4144]
[7, 423, 405.5767]
[7, 337, 449.1046]
[7, 42, 451.78]
[8, 112, 441.87]
[9, 408, 411.4406]
[9, 370, 434.1175]
[9, 326, 450.1424]
[9, 309, 452.715]
[9, 85, 445.1125]
[10, 184, 437.3675]
[10, 211, 437.5975]
[10, 485, 383.1025]
[11, 382, 422.3906]
[11, 299, 452.645]
[12, 171, 436.825]
[12, 281, 449.7325]
[13, 465, 385.7807]
[13, 392, 415.4]
[13, 257, 445.965]
[13, 133, 440.1775]
[14, 1, 460.2125]
[14, 101, 439.565]
[14, 453, 388.4666]
[15, 443, 392.8475]
[15, 343, 441.68]
[15, 229, 437.3225]
[15, 145, 438.2075]
[15, 120, 440.3425]
[15, 77, 445.8925]
[15, 32, 452.1075]
[15, 21, 453.98]
[16, 160, 436.5975]
[16, 240, 439.81]
[17, 424, 401.265]
[17, 332, 443.4797]
[18, 50, 449.46]
[18, 61, 447.9275]
[18, 217, 433.8725]
[18, 321, 443.8885]
[19, 492, 380.1275]
[19, 414, 405.105]
[19, 376, 423.2969]
[19, 191, 433.66]
[20, 110, 439.17]
[20, 201, 432.555]
[20, 268, 443.3725]
[20, 310, 445.87]
[20, 476, 382.45]
[21, 10, 455.9225]
[22, 87, 442.5675]
[22, 170, 434.01]
[22, 360, 431.1912]
[23, 466, 382.3]
[23, 432, 395.06]
[23, 254, 438.705]
[24, 283, 442.7275]
[24, 298, 443.2475]
[24, 400, 409.084]
[25, 445, 386.8908]
[25, 344, 434.4535]
[25, 34, 451.0725]
[26, 68, 445.4325]
[26, 230, 431.8175]
[26, 327, 439.407]
[27, 382, 416.36]
[27, 211, 430.395]
[27, 183, 431.1]
[27, 136, 436.08]
[27, 101, 438.805]
[27, 23, 452.825]
[28, 422, 398.7775]
[29, 494, 378.1325]
[29, 411, 403.3553]
[30, 111, 435.6075]
[30, 124, 435.5325]
[30, 156, 432.66]
[30, 197, 429.235]
[30, 245, 430.515]
[30, 369, 423.1625]
[30, 479, 379.61]
[31, 355, 427.4763]
[31, 268, 436.01]
[31, 58, 446.2475]
[31, 9, 455.3075]
[32, 170, 430.9925]
[33, 465, 379.83]
[33, 451, 383.0225]
[33, 338, 432.4382]
[33, 257, 431.3825]
[33, 145, 433.6075]
[33, 43, 448.915]
[34, 75, 442.09]
[34, 297, 435.9]
[34, 310, 435.895]
[35, 393, 406.9568]
[35, 322, 433.6351]
[36, 377, 417.9046]
[36, 436, 389.8485]
[37, 235, 426.21]
[37, 93, 438.735]
[38, 117, 433.45]
[38, 132, 433.4275]
[38, 421, 396.1413]
[39, 498, 375.52]
[39, 487, 376.68]
[39, 15, 453.1475]
[40, 25, 451.415]
[40, 192, 425.8175]
[40, 208, 425.8]
[40, 223, 425.4]
[40, 288, 431.5325]
[41, 477, 376.7725]
[41, 410, 399.0829]
[41, 365, 420.1211]
[42, 82, 438.5525]
[42, 176, 427.4725]
[42, 278, 429.53]
[42, 343, 425.3483]
[43, 445, 383.1935]
[43, 315, 428.5275]
[43, 254, 423.37]
[43, 162, 428.04]
[43, 107, 435.0075]
[43, 44, 448.09]
[44, 5, 454.2675]
[44, 267, 426.4975]
[44, 303, 428.275]
[44, 457, 379.3306]
[45, 326, 425.7624]
[45, 64, 444.3925]
[46, 200, 423.895]
[46, 242, 422.695]
[47, 398, 399.4666]
[47, 34, 448.9175]
[48, 53, 446.1175]
[48, 217, 422.7425]
[48, 436, 385.7329]
[49, 491, 374.4375]
[49, 468, 375.8443]
[49, 351, 418.2043]
[49, 294, 424.6475]
[50, 136, 431.065]
[50, 151, 428.155]
[51, 423, 390.1452]
[51, 123, 430.895]
[52, 232, 420.095]
[52, 379, 404.4025]
[52, 389, 401.3635]
[53, 408, 393.8025]
[53, 361, 410.3609]
[53, 311, 421.175]
[53, 174, 424.225]
[53, 107, 433.0075]
[53, 76, 439.72]
[53, 22, 449.975]
[54, 0, 453.2]
[54, 96, 434.5125]
[54, 187, 422.8675]
[55, 478, 373.4975]
[56, 205, 420.9925]
[57, 459, 375.8825]
[57, 338, 413.952]
[57, 270, 417.94]
[57, 44, 445.715]
[58, 33, 447.0225]
[58, 58, 443.37]
[58, 85, 435.76]
[58, 158, 425.635]
[58, 282, 418.495]
[59, 434, 383.8751]
[59, 370, 401.5373]
[59, 254, 415.3975]
[59, 10, 450.135]
[60, 117, 430.43]
[60, 148, 426.85]
[60, 488, 372.0925]
[60, 499, 370.6506]
[61, 449, 377.5022]
[61, 303, 415.52]
[62, 131, 429.775]
[62, 233, 416.245]
[62, 423, 386.9404]
[63, 321, 411.7925]
[63, 216, 417.7125]
[63, 169, 421.36]
[63, 107, 430.1775]
[64, 244, 414.815]
[64, 290, 414.5175]
[64, 399, 392.815]
[65, 413, 388.2375]
[65, 360, 398.3825]
[66, 194, 419.16]
[67, 271, 411.7225]
[67, 179, 420.3125]
[67, 90, 432.56]
[68, 16, 446.9325]
[68, 74, 436.78]
[68, 331, 404.4326]
[68, 348, 399.025]
[68, 381, 394.0602]
[68, 481, 370.1919]
[69, 431, 382.3935]
[70, 2, 448.9125]
[70, 43, 441.8575]
[70, 150, 424.33]
[70, 224, 414.095]
[70, 471, 370.965]
[71, 281, 410.1675]
[71, 259, 410.3]
[71, 209, 415.9375]
[71, 123, 425.18]
[71, 26, 444.7825]
[72, 59, 438.0725]
[72, 140, 426.3675]
[72, 442, 378.3486]
[73, 496, 367.75]
[73, 309, 404.335]
[73, 298, 406.59]
[74, 160, 420.405]
[74, 392, 388.1014]
[75, 366, 392.515]
[75, 339, 395.2145]
[75, 244, 409.825]
[76, 319, 399.43]
[76, 457, 371.9576]
[77, 408, 384.9778]
[77, 272, 406.6375]
[77, 94, 428.94]
[77, 79, 433.045]
[77, 69, 435.06]
[78, 9, 445.7175]
[78, 111, 424.5475]
[78, 172, 418.9725]
[79, 355, 392.3475]
[79, 230, 409.9875]
[79, 219, 411.585]
[79, 191, 415.73]
[80, 41, 439.35]
[80, 134, 424.8275]
[80, 419, 381.3274]
[80, 431, 378.7253]
[81, 260, 405.0]
[82, 202, 413.1025]
[82, 287, 400.8525]
[82, 375, 390.005]
[82, 467, 368.3076]
[82, 483, 365.655]
[83, 30, 440.55]
[84, 344, 391.9368]
[85, 328, 392.4025]
[85, 302, 395.965]
[85, 143, 422.3925]
[85, 101, 425.12]
[85, 86, 428.4175]
[85, 58, 434.5075]
[85, 19, 442.5125]
[86, 3, 444.785]
[86, 245, 404.4975]
[86, 313, 393.7175]
[87, 268, 401.1875]
[87, 178, 416.03]
[87, 126, 421.745]
[88, 73, 430.89]
[88, 404, 382.0528]
[89, 458, 367.1198]
[90, 153, 418.8975]
[90, 167, 416.4875]
[90, 219, 407.625]
[90, 280, 398.0875]
[90, 382, 387.7475]
[90, 445, 370.1575]
[91, 488, 362.7403]
[91, 394, 384.8254]
[91, 258, 401.8625]
[91, 116, 421.0]
[92, 196, 411.085]
[92, 363, 387.7469]
[92, 421, 376.1537]
[92, 473, 364.3125]
[92, 498, 361.6926]
[93, 435, 370.9216]
[93, 337, 389.3148]
[93, 31, 437.795]
[94, 81, 426.1525]
[94, 91, 424.035]
[94, 207, 409.4325]
[94, 238, 403.1425]
[94, 319, 390.4525]
[95, 308, 391.7425]
[95, 144, 418.6225]
[96, 351, 387.3975]
[97, 412, 375.2264]
[97, 270, 397.3375]
[97, 48, 433.4675]
[98, 18, 439.4025]
[98, 134, 418.165]
[98, 174, 412.9475]
[98, 185, 409.75]
[98, 225, 404.86]
[98, 452, 365.2856]
[99, 295, 392.055]
[99, 252, 399.9725]
[99, 124, 415.2625]
[100, 466, 362.335]
[101, 493, 359.6575]
[101, 429, 368.575]
[102, 36, 434.2775]
[102, 62, 429.405]
[102, 74, 425.62]
[102, 103, 419.35]
[102, 280, 393.54]
[102, 332, 386.8331]
[102, 374, 384.7375]
[102, 392, 381.3845]
[103, 160, 413.2075]
[103, 113, 418.095]
[104, 321, 386.8925]
[104, 476, 359.8896]
[105, 406, 374.2058]
[105, 240, 399.6625]
[105, 203, 406.3275]
[105, 7, 439.4075]
[106, 145, 412.695]
[106, 303, 389.2025]
[106, 443, 364.4425]
[107, 354, 384.04]
[107, 342, 384.7397]
[107, 263, 395.115]
[107, 52, 429.6475]
[108, 82, 421.4225]
[108, 132, 410.455]
[108, 180, 407.76]
[108, 220, 403.4375]
[108, 453, 362.3216]
[109, 499, 356.3596]
[109, 170, 408.49]
[109, 28, 433.4925]
[111, 429, 365.8528]
[111, 192, 402.32]
[111, 92, 417.98]
[111, 41, 431.07]
[111, 16, 435.0025]
[112, 415, 368.9733]
[113, 471, 357.295]
[113, 400, 373.3441]
[113, 368, 380.4707]
[113, 102, 416.12]
[113, 1, 440.365]
[114, 69, 423.2225]
[114, 157, 407.1875]
[114, 273, 391.63]
[114, 283, 390.0525]
[114, 329, 383.665]
[114, 388, 376.2068]
[115, 295, 387.135]
[115, 114, 413.035]
[116, 144, 407.8525]
[116, 211, 401.6325]
[116, 257, 393.0125]
[116, 316, 384.0325]
[116, 460, 358.6571]
[116, 486, 355.2933]
[117, 378, 376.7513]
[117, 124, 409.0475]
[118, 51, 427.465]
[118, 229, 397.94]
[118, 247, 393.26]
[119, 185, 401.68]
[119, 79, 419.175]
[119, 35, 428.0275]
[119, 10, 436.8975]
[120, 61, 424.0675]
[121, 495, 353.5975]
[121, 451, 359.425]
[121, 134, 401.35]
[122, 175, 401.2725]
[122, 198, 397.1825]
[122, 413, 366.3823]
[123, 469, 355.1434]
[123, 304, 382.3775]
[124, 91, 415.595]
[124, 346, 378.3875]
[124, 441, 359.9582]
[125, 429, 361.93]
[125, 396, 369.0375]
[125, 386, 370.9477]
[125, 358, 376.3939]
[125, 333, 378.9203]
[125, 159, 401.4625]
[125, 24, 433.2075]
[126, 238, 392.4675]
[126, 281, 386.0575]
[127, 374, 371.4385]
[127, 314, 380.6175]
[127, 223, 395.365]
[127, 209, 396.485]
[127, 107, 409.16]
[127, 4, 437.5875]
[128, 126, 405.335]
[128, 148, 401.545]
[128, 478, 353.0975]
[129, 295, 383.28]
[129, 266, 387.0475]
[130, 43, 422.705]
[130, 80, 416.2175]
[130, 457, 355.1052]
[130, 489, 350.1893]
[131, 248, 385.825]
[131, 181, 395.745]
[131, 170, 399.03]
[131, 68, 419.0725]
[132, 405, 364.9794]
[133, 366, 369.41]
[133, 54, 419.4425]
[134, 347, 372.856]
[134, 419, 361.9688]
[134, 470, 352.28]
[135, 392, 366.9358]
[135, 193, 393.28]
[136, 98, 409.205]
[136, 319, 375.6525]
[137, 441, 356.1584]
[137, 429, 359.6749]
[137, 284, 381.2225]
[137, 139, 393.4975]
[137, 121, 401.625]
[137, 17, 431.365]
[138, 309, 375.7525]
[138, 357, 369.2684]
[139, 265, 383.2575]
[139, 203, 390.22]
[139, 27, 430.5775]
[140, 37, 427.52]
[140, 219, 388.5475]
[140, 234, 386.91]
[140, 339, 371.0064]
[140, 492, 347.97]
[141, 479, 349.905]
[141, 462, 351.0746]
[141, 451, 352.6408]
[141, 297, 377.6825]
[141, 185, 390.52]
[141, 160, 394.3425]
[142, 89, 411.425]
[142, 329, 371.075]
[142, 376, 363.5537]
[143, 174, 393.045]
[143, 150, 394.1925]
[143, 106, 404.1825]
[143, 76, 414.3675]
[144, 52, 420.5275]
[144, 244, 381.685]
[145, 254, 379.455]
[145, 0, 437.815]
[146, 10, 435.05]
[146, 364, 363.7389]
[146, 415, 357.7625]
[147, 285, 376.985]
[147, 64, 409.9825]
[148, 139, 390.285]
[148, 195, 387.945]
[148, 210, 386.3325]
[148, 428, 356.3525]
[150, 165, 390.31]
[150, 236, 381.17]
[150, 263, 378.2525]
[150, 391, 359.4433]
[150, 474, 347.8021]
[150, 484, 346.5658]
[151, 497, 344.3819]
[151, 460, 348.1546]
[151, 401, 357.6349]
[151, 319, 369.1825]
[151, 128, 395.245]
[152, 43, 417.54]
[152, 93, 407.8875]
[152, 276, 376.8525]
[152, 340, 365.5458]
[153, 447, 349.8821]
[153, 350, 364.6548]
[153, 329, 367.27]
[153, 20, 428.8]
[154, 104, 402.8425]
[154, 308, 370.1675]
[154, 436, 352.817]
[155, 183, 385.7875]
[155, 147, 384.5225]
[155, 117, 398.3725]
[155, 53, 414.475]
[155, 30, 423.1325]
[156, 74, 404.0675]
[156, 228, 378.305]
[156, 370, 357.7657]
[156, 380, 357.1395]
[157, 414, 354.0425]
[157, 360, 361.3841]
[157, 84, 406.985]
[158, 298, 370.38]
[159, 247, 375.6775]
[159, 173, 384.365]
[159, 158, 384.1625]
[159, 64, 412.625]
[160, 209, 379.8375]
[160, 266, 374.5075]
[160, 470, 344.5083]
[161, 496, 340.7616]
[161, 460, 344.7019]
[162, 3, 434.365]
[162, 197, 382.0975]
[162, 321, 365.3375]
[162, 344, 361.489]
[162, 390, 353.5746]
[162, 430, 350.678]
[162, 485, 341.4467]
[163, 442, 347.6275]
[163, 333, 363.2075]
[163, 284, 370.795]
[164, 100, 401.96]
[164, 135, 390.2775]
[164, 237, 374.25]
[165, 420, 350.2287]
[165, 354, 359.3804]
[165, 311, 365.4075]
[165, 34, 423.485]
[165, 13, 429.2675]
[167, 404, 349.7585]
[167, 257, 371.78]
[167, 44, 419.0125]
[168, 56, 414.1225]
[168, 124, 394.41]
[169, 477, 340.31]
[169, 370, 353.3958]
[169, 176, 378.1425]
[169, 111, 398.2975]
[170, 66, 410.7525]
[170, 78, 403.3525]
[170, 91, 398.915]
[170, 217, 375.805]
[170, 228, 371.2625]
[170, 270, 370.2175]
[170, 380, 350.7874]
[170, 454, 342.2325]
[171, 493, 337.8075]
[171, 298, 365.735]
[171, 24, 427.55]
[172, 0, 437.2825]
[172, 149, 380.365]
[172, 390, 348.6674]
[172, 436, 345.2248]
[172, 467, 340.5125]
[173, 413, 347.4454]
[173, 344, 355.5185]
[173, 189, 373.8225]
[174, 135, 385.56]
[174, 330, 358.21]
[175, 243, 368.75]
[176, 164, 372.1775]
[176, 424, 345.4225]
[177, 359, 351.8518]
[177, 307, 361.7525]
[177, 199, 373.1825]
[177, 41, 418.1025]
[179, 321, 358.3425]
[179, 288, 364.2725]
[179, 254, 367.2]
[179, 31, 423.6225]
[180, 233, 367.0025]
[180, 277, 365.0525]
[180, 453, 339.0819]
[180, 474, 337.092]
[181, 496, 335.5825]
[181, 486, 336.0075]
[181, 385, 345.5194]
[181, 216, 369.625]
[181, 125, 382.295]
[181, 70, 407.2225]
[181, 11, 432.18]
[182, 397, 344.3575]
[183, 370, 347.5217]
[183, 340, 351.9315]
[183, 105, 391.65]
[183, 85, 401.845]
[184, 50, 416.1125]
[184, 136, 377.905]
[184, 464, 336.4867]
[185, 431, 340.995]
[185, 178, 367.765]
[185, 60, 412.25]
[185, 0, 437.48]
[186, 407, 342.6525]
[186, 441, 338.86]
[187, 419, 341.4425]
[187, 351, 350.2488]
[187, 312, 357.6725]
[187, 266, 364.6075]
[187, 224, 365.8375]
[187, 208, 368.3]
[187, 197, 364.5825]
[187, 167, 375.5875]
[189, 362, 346.975]
[189, 297, 360.13]
[189, 114, 390.8825]
[189, 41, 419.7]
[190, 240, 363.5225]
[190, 279, 361.8025]
[190, 323, 354.185]
[190, 455, 335.4025]
[190, 473, 334.0675]
[191, 496, 332.8975]
[191, 187, 370.8175]
[191, 150, 384.185]
[191, 76, 406.9625]
[192, 26, 425.6075]
[193, 372, 343.9925]
[193, 254, 361.2825]
[193, 7, 434.22]
[194, 140, 388.49]
[194, 392, 340.7781]
[195, 341, 349.4631]
[195, 176, 376.62]
[195, 101, 400.815]
[195, 91, 403.4575]
[196, 65, 412.1225]
[196, 445, 334.02]
[196, 465, 332.42]
[197, 205, 363.2625]
[198, 270, 360.4075]
[198, 329, 351.1175]
[198, 353, 347.02]
[198, 402, 339.404]
[198, 414, 336.4111]
[198, 431, 333.7857]
[199, 488, 331.555]
[199, 380, 341.7359]
[199, 284, 359.3275]
[199, 124, 393.3375]
[199, 34, 423.1675]
[200, 16, 430.5075]
[200, 112, 397.62]
[200, 156, 384.9775]
[201, 195, 370.7975]
[201, 167, 381.575]
[201, 44, 419.6375]
[202, 55, 416.065]
[202, 81, 406.9125]
[202, 237, 356.815]
[202, 296, 356.9625]
[202, 455, 331.97]
[202, 474, 331.515]
[203, 318, 352.6075]
[203, 226, 359.9075]
[204, 137, 390.6225]
[204, 214, 365.09]
[205, 308, 353.9725]
[205, 177, 377.955]
[205, 25, 426.9025]
[206, 335, 348.29]
[206, 347, 346.1577]
[206, 369, 341.6875]
[206, 440, 331.3675]
[207, 498, 328.8447]
[207, 464, 330.5475]
[207, 276, 357.695]
[207, 93, 404.2025]
[207, 70, 412.0175]
[208, 148, 388.23]
[208, 246, 356.7725]
[209, 483, 329.4575]
[209, 379, 339.8575]
[209, 359, 343.0813]
[209, 261, 352.9175]
[209, 201, 367.435]
[209, 36, 421.77]
[210, 16, 430.3975]
[210, 105, 401.6225]
[210, 117, 397.615]
[211, 449, 329.595]
[211, 421, 331.9875]
[211, 392, 337.5775]
[211, 291, 355.5975]
[211, 1, 435.9975]
[212, 191, 374.7625]
[212, 406, 335.0925]
[212, 432, 330.5425]
[212, 473, 328.3588]
[213, 164, 384.29]
[213, 54, 417.6075]
[215, 307, 351.9325]
[216, 134, 394.1425]
[216, 234, 359.355]
[216, 323, 349.2425]
[216, 492, 323.5835]
[217, 458, 327.4832]
[217, 365, 340.685]
[217, 278, 352.9075]
[217, 88, 406.7775]
[217, 68, 413.0875]
[218, 176, 382.1925]
[218, 208, 370.575]
[218, 244, 356.1625]
[219, 379, 337.83]
[219, 355, 342.1375]
[219, 345, 343.9267]
[219, 334, 346.875]
[219, 99, 404.94]
[219, 78, 410.22]
[219, 31, 423.965]
[220, 45, 420.275]
[221, 289, 351.6825]
[221, 110, 402.4325]
[222, 120, 400.045]
[222, 222, 367.24]
[222, 443, 327.965]
[223, 479, 321.215]
[223, 424, 330.425]
[223, 313, 349.7375]
[223, 185, 377.8925]
[223, 149, 391.6475]
[224, 261, 353.7525]
[225, 411, 331.2531]
[225, 271, 348.885]
[225, 7, 430.865]
[226, 162, 388.61]
[226, 251, 358.955]
[226, 491, 322.6875]
[227, 392, 333.1551]
[227, 202, 374.915]
[227, 139, 395.355]
[227, 69, 411.5575]
[228, 84, 408.0675]
[228, 238, 363.1375]
[229, 465, 324.615]
[229, 355, 340.5169]
[229, 340, 343.6937]
[229, 283, 347.495]
[229, 101, 404.4325]
[229, 53, 416.855]
[229, 21, 425.1275]
[230, 372, 337.5542]
[231, 298, 345.0525]
[231, 42, 419.095]
[231, 32, 421.5725]
[232, 128, 399.3825]
[232, 214, 371.935]
[232, 450, 325.5466]
[233, 316, 345.7775]
[233, 227, 367.785]
[233, 147, 394.515]
[234, 482, 324.145]
[235, 404, 330.8847]
[235, 328, 344.2025]
[236, 2, 427.09]
[236, 192, 380.895]
[236, 249, 360.61]
[236, 384, 332.1675]
[236, 424, 327.9473]
[236, 434, 326.4772]
[236, 492, 323.43]
[237, 414, 330.81]
[237, 205, 376.375]
[237, 177, 386.3375]
[238, 68, 411.0175]
[238, 109, 402.895]
[238, 236, 366.18]
[239, 261, 358.4325]
[239, 156, 391.87]
[239, 54, 413.4075]
[240, 15, 421.275]
[240, 120, 400.99]
[240, 290, 348.7725]
[240, 306, 342.83]
[241, 395, 332.9325]
[241, 365, 334.8444]
[241, 341, 340.6501]
[241, 273, 355.275]
[241, 43, 414.075]
[242, 168, 389.715]
[243, 464, 326.4225]
[243, 227, 370.42]
[243, 143, 396.36]
[243, 86, 405.225]
[244, 186, 383.0775]
[244, 321, 343.6475]
[244, 454, 327.11]
[244, 499, 320.3783]
[245, 443, 327.6725]
[246, 34, 412.7925]
[246, 103, 402.135]
[246, 247, 364.8925]
[246, 332, 341.266]
[246, 353, 336.21]
[246, 380, 334.5813]
[247, 406, 332.8175]
[247, 210, 376.08]
[247, 197, 380.14]
[247, 23, 414.58]
[248, 70, 405.585]
[248, 113, 400.8375]
[248, 237, 366.67]
[248, 481, 325.1825]
[249, 312, 341.835]
[249, 257, 362.2175]
[249, 5, 418.3725]
[250, 131, 397.6875]
[250, 176, 387.795]
[250, 281, 354.8575]
[250, 301, 346.4525]
[250, 491, 318.48]
[251, 393, 334.52]
[251, 160, 391.6925]
[252, 53, 405.77]
[252, 416, 331.87]
[253, 472, 326.1531]
[253, 367, 337.0975]
[253, 228, 369.925]
[254, 347, 336.584]
[255, 446, 328.95]
[255, 430, 330.0025]
[255, 84, 400.0425]
[256, 95, 399.415]
[256, 273, 358.395]
[256, 333, 339.0609]
[256, 357, 338.6625]
[257, 402, 334.2]
[257, 319, 342.83]
[257, 291, 351.6975]
[258, 119, 397.495]
[259, 463, 326.8425]
[259, 386, 336.1425]
[259, 190, 383.065]
[259, 168, 388.295]
[260, 28, 405.7]
[260, 38, 403.9325]
[260, 108, 397.4575]
[260, 150, 391.225]
[260, 206, 377.1675]
[260, 237, 368.3875]
[260, 256, 363.88]
[260, 492, 319.6225]
[261, 479, 321.8825]
[261, 67, 398.5925]
[261, 18, 408.39]
[261, 6, 412.6825]
[262, 178, 385.3425]
[262, 223, 371.8175]
[262, 302, 351.75]
[263, 440, 329.3692]
[263, 283, 355.1975]
[263, 136, 392.5725]
[263, 52, 400.2825]
[264, 340, 342.5113]
[264, 351, 338.5365]
[266, 86, 393.85]
[266, 99, 391.405]
[266, 414, 332.3038]
[266, 426, 331.1912]
[267, 450, 328.33]
[267, 327, 346.7625]
[268, 377, 337.2292]
[269, 125, 390.16]
[269, 75, 393.9]
[269, 60, 396.62]
[270, 0, 410.6825]
[270, 186, 380.145]
[270, 309, 351.3475]
[270, 460, 325.4936]
[271, 471, 322.606]
[271, 398, 334.665]
[271, 362, 339.505]
[271, 266, 361.035]
[272, 225, 368.8275]
[272, 482, 320.7972]
[273, 434, 330.165]
[273, 319, 349.31]
[273, 278, 358.405]
[273, 249, 363.78]
[273, 135, 385.87]
[274, 21, 403.1775]
[274, 115, 387.6625]
[274, 146, 383.595]
[274, 163, 381.0825]
[274, 212, 370.9825]
[274, 239, 365.205]
[274, 495, 320.69]
[275, 338, 345.2928]
[275, 32, 400.585]
[275, 11, 405.2975]
[276, 43, 396.195]
[276, 84, 388.45]
[276, 97, 387.32]
[276, 294, 354.9525]
[277, 412, 332.6225]
[277, 388, 332.83]
[277, 196, 373.315]
[279, 328, 347.3605]
[279, 174, 377.215]
[280, 60, 392.255]
[280, 184, 374.665]
[280, 372, 335.5165]
[280, 443, 324.6925]
[281, 260, 359.2775]
[281, 124, 376.66]
[282, 226, 364.7]
[282, 308, 351.2125]
[282, 466, 323.5475]
[283, 456, 323.795]
[283, 428, 330.475]
[283, 351, 339.5168]
[283, 318, 349.135]
[283, 272, 356.8875]
[283, 71, 388.65]
[284, 153, 375.2325]
[284, 284, 355.1]
[284, 481, 323.1575]
[285, 493, 324.8993]
[285, 361, 336.4646]
[285, 213, 365.66]
[285, 114, 381.1675]
[286, 43, 392.815]
[286, 143, 376.295]
[286, 296, 352.9025]
[286, 340, 341.184]
[287, 412, 330.5725]
[287, 239, 360.09]
[287, 32, 393.245]
[288, 80, 380.6025]
[288, 97, 376.4775]
[288, 399, 331.4319]
[289, 196, 367.4925]
[289, 21, 391.4175]
[289, 3, 400.61]
[290, 249, 357.5725]
[290, 326, 345.4225]
[290, 385, 331.1854]
[291, 434, 329.0384]
[292, 54, 386.3425]
[292, 124, 371.255]
[292, 186, 367.865]
[292, 230, 360.34]
[292, 450, 324.3769]
[292, 468, 326.6964]
[293, 268, 353.7275]
[293, 175, 369.335]
[293, 163, 369.395]
[293, 135, 369.5625]
[294, 422, 328.79]
[296, 12, 395.0775]
[296, 153, 370.6925]
[296, 316, 340.0725]
[296, 335, 335.7159]
[296, 359, 334.3736]
[296, 375, 334.9528]
[297, 286, 350.37]
[297, 220, 361.44]
[297, 210, 362.9825]
[297, 115, 372.5775]
[297, 75, 379.775]
[297, 63, 382.79]
[297, 28, 389.67]
[298, 305, 344.595]
[298, 347, 335.7922]
[298, 400, 330.3575]
[298, 493, 331.544]
[299, 93, 379.98]
[300, 0, 396.8625]
[300, 103, 375.075]
[300, 254, 353.0175]
[300, 412, 328.43]
[301, 482, 332.9525]
[301, 276, 350.185]
[301, 198, 360.6325]
[302, 240, 356.3725]
[302, 460, 332.6947]
[303, 437, 327.3073]
[303, 324, 337.8625]
[303, 296, 347.0475]
[304, 37, 390.4675]
[304, 84, 386.9525]
[304, 144, 367.6675]
[304, 228, 356.34]
[305, 390, 336.9829]
[305, 263, 350.7875]
[305, 188, 359.625]
[305, 53, 389.5175]
[306, 337, 339.7394]
[306, 367, 338.225]
[307, 356, 338.225]
[307, 128, 374.92]
[307, 25, 397.105]
[308, 15, 398.6475]
[308, 154, 365.5525]
[308, 176, 365.71]
[308, 378, 338.14]
[309, 468, 336.3725]
[309, 429, 328.9316]
[309, 312, 339.9425]
[309, 164, 364.545]
[309, 69, 392.93]
[310, 417, 331.0151]
[311, 445, 334.3727]
[311, 290, 343.72]
[311, 276, 345.08]
[311, 214, 357.32]
[311, 93, 385.77]
[312, 5, 406.36]
[312, 117, 380.4425]
[312, 403, 339.3542]
[312, 488, 335.78]
[313, 106, 382.915]
[314, 146, 374.3575]
[314, 246, 350.57]
[314, 330, 340.1575]
[314, 498, 335.8218]
[315, 347, 341.745]
[315, 302, 342.6075]
[315, 189, 364.9075]
[316, 31, 405.39]
[316, 84, 390.345]
[316, 204, 357.2125]
[316, 320, 342.79]
[316, 455, 338.9335]
[316, 478, 338.4725]
[317, 50, 399.655]
[318, 229, 352.6175]
[318, 266, 347.1275]
[319, 466, 340.1481]
[319, 392, 341.8911]
[320, 177, 367.9275]
[320, 356, 342.825]
[320, 380, 342.6925]
[320, 429, 339.9957]
[321, 367, 343.1927]
[321, 217, 352.69]
[321, 135, 378.18]
[321, 65, 395.7625]
[322, 8, 415.0575]
[322, 254, 353.7325]
[322, 312, 346.05]
[322, 439, 341.785]
[324, 90, 391.1]
[324, 166, 371.22]
[324, 276, 351.3025]
[324, 329, 342.7525]
[324, 411, 343.5746]
[325, 499, 339.3976]
[325, 145, 376.08]
[325, 123, 380.3375]
[325, 75, 394.455]
[326, 23, 413.02]
[326, 101, 386.92]
[326, 155, 374.17]
[326, 188, 366.75]
[327, 293, 350.725]
[328, 39, 407.7525]
[328, 457, 343.506]
[328, 488, 341.5869]
[329, 471, 344.3818]
[329, 400, 345.8167]
[329, 244, 357.1675]
[329, 204, 356.7925]
[330, 111, 383.8625]
[330, 337, 347.8257]
[330, 422, 344.82]
[330, 432, 345.5943]
[330, 446, 344.8639]
[331, 347, 346.6]
[331, 217, 361.285]
[332, 137, 380.485]
[332, 229, 360.1125]
[332, 258, 356.405]
[332, 269, 354.895]
[332, 307, 346.45]
[332, 360, 347.7053]
[332, 387, 347.1525]
[333, 321, 343.6]
[333, 53, 404.97]
[334, 87, 394.9225]
[335, 408, 348.1275]
[335, 126, 382.975]
[335, 68, 401.235]
[335, 30, 415.75]
[336, 1, 426.8]
[336, 150, 377.9525]
[336, 463, 347.4893]
[337, 370, 350.4641]
[337, 290, 354.42]
[337, 188, 367.71]
[337, 99, 392.45]
[338, 198, 365.7025]
[338, 330, 350.795]
[338, 438, 349.9525]
[338, 486, 347.8325]
[339, 474, 348.5039]
[339, 395, 349.7807]
[339, 176, 370.365]
[340, 13, 426.4975]
[340, 40, 414.8075]
[340, 160, 375.85]
[340, 449, 350.7725]
[341, 417, 351.3175]
[341, 313, 347.9875]
[341, 279, 356.3925]
[341, 112, 389.89]
[342, 141, 383.3275]
[342, 232, 360.96]
[343, 498, 350.7565]
[343, 355, 352.2875]
[343, 209, 364.4675]
[343, 23, 424.83]
[344, 57, 411.4175]
[344, 219, 362.7875]
[344, 266, 358.6725]
[345, 340, 351.55]
[345, 247, 360.48]
[345, 81, 403.335]
[346, 377, 354.5708]
[346, 462, 354.4828]
[347, 433, 355.7175]
[347, 406, 354.8299]
[347, 303, 349.8525]
[347, 293, 357.3475]
[347, 170, 375.1025]
[347, 128, 389.1925]
[349, 392, 356.1058]
[349, 365, 356.2898]
[349, 48, 418.435]
[350, 2, 436.87]
[351, 322, 354.7375]
[351, 227, 363.6275]
[351, 157, 383.0975]
[351, 90, 404.3625]
[351, 73, 411.005]
[352, 257, 361.455]
[352, 454, 359.3578]
[353, 485, 359.6579]
[353, 334, 357.0388]
[353, 284, 360.1075]
[353, 271, 360.7275]
[354, 190, 372.2425]
[354, 201, 370.5925]
[354, 240, 363.02]
[354, 383, 358.71]
[354, 470, 360.4763]
[355, 177, 376.3275]
[355, 102, 401.8525]
[355, 37, 427.9125]
[356, 60, 418.9125]
[356, 441, 361.8035]
[357, 496, 361.9384]
[357, 427, 363.1379]
[357, 140, 391.56]
[357, 25, 435.3125]
[358, 10, 440.9425]
[358, 118, 397.7225]
[358, 347, 361.6]
[359, 417, 363.8574]
[359, 366, 361.605]
[359, 165, 383.335]
[360, 294, 354.095]
[361, 406, 364.4283]
[361, 395, 363.5287]
[361, 0, 446.85]
[362, 88, 414.5875]
[362, 213, 373.5275]
[362, 258, 364.02]
[363, 308, 355.445]
[363, 272, 363.64]
[364, 77, 419.915]
[364, 184, 378.5275]
[364, 223, 372.565]
[364, 385, 366.0613]
[364, 453, 368.3051]
[364, 463, 366.3847]
[364, 485, 367.3564]
[365, 374, 366.1563]
[365, 194, 377.585]
[365, 126, 400.465]
[366, 37, 438.0175]
[366, 47, 433.5825]
[366, 102, 410.8825]
[366, 157, 392.185]
[367, 474, 368.0459]
[367, 318, 366.655]
[367, 244, 368.3875]
[367, 23, 444.0025]
[368, 234, 371.66]
[368, 341, 367.1085]
[369, 357, 367.775]
[369, 173, 386.12]
[370, 205, 378.29]
[370, 280, 365.19]
[370, 329, 368.1963]
[370, 411, 371.9684]
[370, 430, 372.3715]
[370, 444, 371.0258]
[371, 65, 428.6]
[372, 92, 420.0525]
[372, 294, 356.6075]
[373, 497, 372.5035]
[373, 266, 367.3075]
[373, 110, 410.615]
[374, 75, 427.3875]
[374, 120, 407.385]
[374, 132, 404.95]
[374, 147, 400.4575]
[374, 454, 373.5282]
[375, 370, 372.7962]
[375, 221, 379.1175]
[375, 6, 457.345]
[376, 157, 398.2875]
[376, 310, 370.1575]
[376, 419, 376.355]
[376, 486, 375.3425]
[377, 395, 377.1438]
[377, 385, 376.2731]
[377, 248, 372.7425]
[378, 33, 450.18]
[378, 405, 377.4002]
[379, 336, 374.2901]
[379, 275, 368.4]
[379, 169, 395.6725]
[380, 60, 438.105]
[380, 83, 428.8525]
[380, 192, 388.3825]
[380, 237, 376.9275]
[380, 446, 377.19]
[381, 477, 378.7978]
[381, 464, 378.5868]
[381, 350, 376.2411]
[381, 210, 384.0775]
[381, 49, 445.08]
[382, 179, 394.2725]
[382, 434, 379.2939]
[383, 20, 459.9]
[384, 70, 437.04]
[384, 108, 418.7225]
[384, 144, 405.79]
[384, 298, 363.5625]
[384, 365, 379.2275]
[385, 323, 377.1575]
[385, 123, 413.565]
[385, 10, 466.6275]
[386, 97, 426.6775]
[386, 221, 385.9275]
[386, 258, 373.37]
[387, 495, 382.6235]
[387, 421, 382.92]
[387, 200, 390.3725]
[388, 34, 457.9875]
[388, 393, 384.1904]
[388, 403, 383.4592]
[389, 284, 362.0725]
[389, 134, 413.4675]
[389, 0, 474.07]
[390, 61, 446.7925]
[390, 155, 406.4275]
[390, 166, 402.955]
[390, 231, 384.3625]
[390, 483, 385.6657]
[391, 465, 386.7448]
[391, 382, 384.3648]
[391, 338, 382.182]
[391, 212, 390.315]
[391, 80, 437.9175]
[391, 48, 454.5575]
[392, 241, 379.9925]
[392, 268, 366.3175]
[393, 412, 386.435]
[394, 15, 473.08]
[394, 26, 467.44]
[394, 190, 397.29]
[394, 368, 386.1128]
[394, 438, 388.9444]
[394, 451, 389.7775]
[395, 308, 381.495]
[396, 180, 401.4875]
[396, 222, 389.9125]
[396, 255, 377.08]
[396, 293, 371.1725]
[397, 424, 390.6833]
[397, 355, 386.4225]
[397, 126, 419.2475]
[398, 70, 449.275]
[398, 101, 432.4725]
[398, 111, 426.4075]
[399, 394, 390.4689]
[399, 344, 386.5198]
[399, 321, 385.978]
[399, 88, 440.0925]
[399, 42, 464.6175]
[399, 5, 480.5275]
[400, 144, 416.38]
[400, 154, 412.2025]
[400, 274, 365.55]
[400, 495, 393.665]
[401, 284, 369.26]
[401, 211, 394.24]
[402, 374, 390.75]
[402, 476, 396.2623]
[403, 463, 398.1378]
[403, 302, 383.24]
[403, 52, 462.965]
[404, 78, 450.385]
[404, 196, 399.675]
[405, 229, 388.545]
[405, 13, 482.4575]
[406, 175, 406.745]
[406, 241, 383.2675]
[406, 333, 391.0886]
[406, 407, 396.3775]
[406, 450, 401.1575]
[407, 418, 398.9449]
[407, 383, 395.3166]
[407, 312, 388.25]
[408, 66, 459.1425]
[408, 114, 430.6925]
[408, 161, 412.0125]
[409, 428, 402.1409]
[409, 258, 378.6]
[409, 205, 398.4725]
[409, 185, 405.07]
[409, 137, 421.665]
[409, 124, 427.675]
[409, 100, 440.77]
[409, 44, 472.2075]
[409, 23, 481.3275]
[410, 356, 393.8451]
[410, 439, 404.5302]
[411, 495, 403.9633]
[411, 483, 405.1225]
[411, 469, 406.0523]
[411, 393, 400.0654]
[411, 148, 419.945]
[411, 33, 478.9325]
[411, 4, 490.99]
[412, 285, 383.2525]
[413, 458, 408.7102]
[413, 218, 395.5625]
[413, 88, 451.8325]
[414, 54, 470.89]
[414, 75, 459.035]
[414, 340, 395.36]
[415, 375, 400.0992]
[415, 295, 389.4075]
[416, 176, 409.24]
[416, 236, 386.275]
[416, 267, 371.0625]
[416, 306, 392.355]
[416, 328, 396.9468]
[417, 422, 410.1879]
[418, 110, 438.5225]
[419, 405, 409.395]
[419, 203, 402.1775]
[419, 123, 433.8825]
[420, 63, 470.3775]
[420, 249, 378.35]
[421, 492, 415.86]
[421, 472, 416.44]
[421, 385, 408.5793]
[421, 366, 403.7559]
[421, 149, 423.0025]
[421, 136, 428.2225]
[422, 97, 451.22]
[422, 164, 416.1475]
[422, 193, 405.8275]
[423, 451, 418.1504]
[423, 355, 402.1468]
[423, 288, 391.97]
[423, 82, 460.4175]
[423, 37, 484.4925]
[423, 20, 492.2975]
[424, 48, 480.37]
[424, 259, 372.1525]
[424, 396, 413.23]
[425, 342, 402.1313]
[425, 321, 401.384]
[425, 214, 395.715]
[426, 2, 500.535]
[426, 275, 385.25]
[427, 484, 423.1175]
[427, 461, 422.4542]
[427, 437, 421.59]
[427, 231, 384.4725]
[427, 182, 410.385]
[428, 128, 436.01]
[429, 418, 421.6962]
[429, 306, 400.1075]
[430, 155, 422.6775]
[430, 378, 415.6549]
[430, 405, 420.5879]
[431, 203, 398.46]
[431, 56, 479.215]
[432, 92, 458.6125]
[433, 471, 428.1795]
[433, 391, 421.3452]
[433, 335, 406.8693]
[433, 287, 397.84]
[433, 267, 384.7025]
[433, 141, 431.4125]
[433, 116, 444.1225]
[434, 35, 490.7425]
[434, 45, 485.8225]
[434, 72, 470.985]
[434, 243, 382.2675]
[434, 253, 378.165]
[434, 356, 412.6013]
[435, 427, 427.575]
[435, 105, 450.6775]
[435, 19, 497.74]
[437, 277, 395.07]
[437, 178, 413.1625]
[437, 166, 418.27]
[437, 2, 504.4975]
[438, 82, 466.3125]
[438, 128, 439.78]
[438, 213, 392.335]
[438, 225, 386.89]
[438, 371, 421.2453]
[438, 460, 431.0425]
[439, 499, 433.7625]
[439, 414, 429.5737]
[439, 318, 407.4375]
[439, 194, 404.4775]
[440, 301, 404.4725]
[440, 446, 431.3508]
[440, 489, 435.4581]
[441, 383, 427.4007]
[441, 155, 424.96]
[441, 27, 496.625]
[442, 62, 478.6175]
[442, 347, 417.5597]
[442, 404, 430.5328]
[443, 435, 433.0173]
[443, 269, 395.895]
[443, 258, 387.09]
[443, 143, 431.68]
[444, 47, 487.6625]
[444, 337, 416.6776]
[445, 476, 437.7585]
[445, 424, 433.9757]
[445, 242, 394.8925]
[445, 8, 504.365]
[446, 91, 463.55]
[446, 185, 406.9325]
[446, 219, 392.97]
[446, 327, 415.1414]
[447, 365, 427.2613]
[447, 230, 396.8775]
[447, 166, 420.2225]
[447, 115, 449.055]
[447, 105, 454.9875]
[447, 73, 473.5375]
[447, 18, 501.3375]
[448, 126, 442.2425]
[448, 460, 437.8634]
[449, 414, 435.9092]
[449, 355, 425.7104]
[449, 287, 405.8625]
[450, 55, 483.825]
[450, 204, 394.3125]
[450, 314, 414.2375]
[450, 498, 442.4075]
[451, 397, 435.5979]
[452, 34, 495.7125]
[452, 157, 425.1325]
[452, 252, 389.0075]
[453, 433, 438.6917]
[453, 262, 396.9525]
[453, 2, 508.99]
[454, 345, 425.5651]
[455, 476, 444.642]
[455, 335, 423.6231]
[455, 305, 416.335]
[456, 132, 436.1125]
[456, 143, 426.52]
[456, 219, 402.1825]
[456, 381, 435.4275]
[456, 406, 439.4492]
[457, 370, 433.8467]
[458, 61, 481.37]
[458, 73, 475.43]
[458, 194, 400.05]
[458, 239, 403.14]
[458, 274, 408.5875]
[458, 447, 443.5531]
[459, 487, 450.0004]
[459, 424, 443.2475]
[459, 354, 431.8463]
[459, 293, 415.595]
[459, 229, 403.345]
[459, 48, 488.6075]
[459, 17, 504.0075]
[460, 98, 458.3625]
[461, 397, 441.5483]
[461, 319, 422.9021]
[461, 121, 441.695]
[461, 110, 449.51]
[462, 85, 467.3075]
[462, 163, 412.2275]
[462, 174, 407.9025]
[462, 211, 408.2925]
[462, 257, 399.5625]
[462, 466, 449.6234]
[462, 499, 453.0897]
[463, 36, 496.3275]
[464, 1, 511.06]
[464, 186, 405.7925]
[466, 221, 407.32]
[466, 346, 434.36]
[466, 362, 437.242]
[466, 384, 440.5527]
[466, 439, 449.971]
[467, 373, 438.7021]
[467, 334, 431.7161]
[467, 283, 416.9775]
[468, 301, 422.305]
[468, 413, 449.199]
[468, 429, 450.0821]
[468, 452, 454.0742]
[469, 248, 397.0475]
[469, 151, 416.25]
[469, 73, 471.4475]
[469, 20, 504.6875]
[470, 9, 508.935]
[470, 63, 478.4]
[470, 99, 452.1025]
[470, 271, 415.2025]
[471, 395, 446.5523]
[471, 318, 429.4178]
[471, 138, 425.1575]
[472, 43, 491.9725]
[472, 53, 485.955]
[472, 197, 415.7325]
[472, 238, 407.5825]
[472, 478, 462.3352]
[473, 489, 463.7048]
[474, 82, 461.53]
[474, 113, 440.9275]
[474, 126, 432.7325]
[474, 212, 415.315]
[474, 356, 440.065]
[475, 367, 441.5034]
[476, 0, 512.46]
[476, 160, 424.795]
[476, 174, 422.5675]
[476, 343, 438.1775]
[476, 384, 446.9015]
[476, 458, 464.5675]
[478, 26, 501.7325]
[478, 93, 449.675]
[478, 188, 422.075]
[478, 228, 413.4575]
[478, 278, 420.4425]
[478, 417, 456.4931]
[478, 427, 459.3159]
[479, 402, 454.2379]
[479, 296, 426.0725]
[479, 258, 412.7]
[479, 68, 469.5275]
[480, 204, 419.515]
[480, 497, 471.6619]
[481, 483, 473.0]
[481, 440, 466.5059]
[481, 328, 435.927]
[483, 472, 474.2775]
[483, 312, 431.4925]
[483, 131, 429.8325]
[483, 58, 477.415]
[483, 16, 506.6875]
[484, 354, 443.4677]
[485, 367, 447.9359]
[485, 268, 420.415]
[485, 247, 408.7275]
[485, 149, 436.3875]
[485, 81, 453.9475]
[486, 2, 512.76]
[486, 110, 433.7625]
[486, 173, 430.885]
[487, 391, 456.3915]
[487, 381, 453.7648]
[487, 341, 440.4666]
[487, 236, 410.21]
[487, 160, 434.6475]
[487, 100, 438.095]
[488, 25, 499.6125]
[488, 35, 489.5275]
[488, 225, 419.155]
[488, 282, 425.065]
[489, 215, 422.6625]
[489, 48, 481.0325]
[490, 187, 429.4525]
[490, 204, 425.5]
[490, 404, 463.3125]
[490, 445, 478.6471]
[491, 489, 484.47]
[491, 431, 475.3551]
[492, 122, 441.805]
[492, 140, 443.6975]
[492, 419, 471.2078]
[493, 323, 436.56]
[494, 17, 500.2525]
[494, 63, 461.2825]
[494, 254, 416.48]
[494, 300, 429.4175]
[494, 355, 449.5524]
[494, 455, 485.7088]
[495, 372, 456.6925]
[495, 311, 433.1575]
[495, 166, 437.76]
[495, 151, 443.0]
[495, 78, 447.8375]
[496, 93, 442.505]
[496, 243, 407.635]
[497, 466, 490.6925]
[497, 271, 424.59]
[497, 111, 446.975]
[497, 3, 508.9175]
[498, 130, 448.7625]
[498, 231, 419.4975]
[498, 339, 445.6099]
[498, 387, 462.7039]
[498, 398, 468.8639]
[498, 410, 473.9484]
[498, 478, 492.0114]
[498, 497, 490.1341]
[499, 290, 428.4575]
[499, 210, 428.685]
[499, 199, 430.5625]
[499, 182, 434.685]
[499, 50, 467.7375]
[499, 36, 479.84]
