(453.6514399711133, 382.9109031175036, 604.0693101088168)
(453.6514399711133, 382.9109031175036, 604.0693101088168)
(444.78775447258727, 383.6808696310042, 620.5001144697432)
(439.34863342061107, 370.34018640840407, 624.2539137070124)
(456.4206952817143, 363.07542340932764, 628.513760688198)
(453.1903822624075, 367.4455548810138, 655.5382777547195)
(434.00445020770076, 370.3090892102008, 643.1943391424255)
(439.3121780972507, 373.0083930320616, 676.1817385015136)
(435.8787163614982, 383.7779081570314, 694.8702249137216)
(443.5446162180127, 399.5925595698819, 703.2606615920567)
(470.34918205042464, 397.80810927243147, 696.1403551521234)
(487.30192925276555, 399.5219460877058, 681.6427158941451)
(499.023124795299, 419.5004095279566, 682.4663511033617)
(485.47486863758144, 432.7768531756201, 689.5922856697706)
(478.7356587373753, 440.95334291537836, 673.2276932709676)
(472.78386776037513, 455.57191613628936, 680.645472509174)
(494.8322042248372, 458.39520929576895, 677.919848943123)
(496.5006415667208, 453.56472944409825, 660.4745612367994)
(498.98231660694995, 439.7190225822209, 660.9854383915696)
(486.1296844556112, 440.7378850107948, 645.5719049977652)
(498.1232050549609, 428.92348169306644, 642.4360306954595)
(496.3775510959441, 442.79483949290784, 628.9308045685075)
(488.96261909225024, 456.8176534521247, 639.5166731284805)
(499.8978109080608, 473.5527226068347, 658.0956852802722)
(494.615937983864, 495.2097082075809, 647.0595414851098)
(496.3117321487866, 499.3743640162661, 665.0439723976383)
(492.74691550124834, 498.1110769059903, 679.8984663906926)
(461.1951929927133, 497.08997518960524, 694.1356223980358)
(461.32773333454264, 479.1803952212387, 682.2013068604099)
(464.05177400407473, 467.85294272832834, 701.7543799248867)
(449.32723090204337, 452.99434867271066, 690.0323074075616)
(455.71129536949326, 439.9782526228115, 686.3401043215937)
(457.4965643672899, 436.9012049983775, 660.6149294153304)
(444.4921471247082, 415.74221935307094, 669.1825928681875)
(436.8873879506424, 398.2177732996586, 668.9650619696324)
(421.5683306854154, 404.00545129617154, 653.1383404033786)
(425.78383308793644, 426.8122652874899, 650.6692758159159)
(401.6315195073724, 434.4599349368868, 681.180869138746)
(399.534416293549, 452.50913755117045, 672.3843978671667)
(419.2656669892746, 485.08327619918043, 682.3688308719557)
(406.5913696947475, 499.4754866142689, 675.463764209329)
(419.89851226023023, 497.83136422628036, 699.7797408413472)
(434.35973053622655, 497.7615808252908, 721.5289916151573)
(416.6752877781302, 461.50678386625856, 731.7428793444276)
(426.65224820267116, 446.5853315430562, 737.7176052603569)
(422.1557500989243, 426.79826396428194, 730.3181716852318)
(434.6683449088012, 429.07165451074167, 723.4357912215849)
(432.23948172986815, 425.1911983889937, 710.5171568988969)
(432.78320460499646, 455.6125367153154, 715.9468355200831)
(417.8713126675393, 417.5430580017038, 744.6664370129997)
(433.5846656375887, 366.0307727522377, 723.6905534079048)
(417.63509249715196, 354.5243103375978, 737.3158707440093)
(411.7878085223016, 330.2725565958099, 729.3356779439144)
(421.2171165521007, 319.9320152091744, 742.3453388317903)
(415.68070776000343, 303.4023512476829, 718.2857184165034)
(409.0757035786, 292.2602788043057, 703.2275427819444)
(428.5520512585823, 283.4982217010002, 686.1289025522375)
(443.35451506923937, 266.42877062354137, 674.7769482437333)
(436.3411288272029, 250.35571571125726, 668.8565003752141)
(438.1874830845845, 237.84753414466135, 655.0309898318642)
(461.6311003321769, 232.85381291528589, 670.7414895970445)
(472.8586588740389, 242.48364454984895, 671.4826483770197)
(461.5420937978355, 254.78411071412333, 677.4926643205293)
(472.7315115583112, 266.3007743777543, 675.6855165311907)
(460.8360321238451, 277.11171580884684, 681.4698829822114)
(453.4349317215257, 299.90171254647936, 675.0028629130023)
(452.62065380098915, 301.83695741658454, 693.4269790452637)
(467.4279900985594, 314.32589146952864, 689.4211099996306)
(471.04286025000283, 327.19952741304905, 681.977134425712)
(453.1662075330018, 321.89053883987225, 684.040290716286)
(447.8658671271938, 328.5490502964428, 670.3870769779093)
(439.3473227929774, 323.36444700857805, 657.6692946442511)
(426.2603993852285, 330.2232225879414, 676.6983118601925)
(408.8058648105456, 320.1436805584145, 688.8423910454567)
(405.45227554653854, 303.8679622862102, 677.0862904577041)
(395.33490962219764, 288.2813520072926, 676.0666438958293)
(409.5823116234893, 262.7883137357558, 669.3655648815164)
(403.4102553570605, 251.99120264934365, 690.663070069326)
(427.5859084667263, 244.71689194057083, 694.8968257937544)
(446.7550663821753, 256.51930448677075, 704.288792066602)
(471.7985680783627, 256.23666588911334, 707.7307309714944)
(458.04921511952773, 219.4722626699252, 691.6316400632293)
(440.6050700721299, 216.55497715349648, 696.4473300426208)
(448.4229349068125, 202.92247142933817, 708.5886328388201)
(442.58851428019045, 185.25208878739258, 709.4015394225105)
(432.70689278121375, 166.03582376354768, 709.8911988590787)
(449.82964856703074, 161.82939478124143, 697.8577321961795)
(465.3913748087681, 167.11556035364688, 678.9876293681207)
(485.4895438170442, 161.50946710749875, 670.913515580351)
(484.29750708307705, 142.5805054351482, 671.1293736393509)
(469.0530166915801, 128.9986072095274, 675.3730509326786)
(481.0773299953074, 115.68677249240916, 670.2471744768455)
(495.6919919760064, 108.19907468001556, 667.5219811242291)
(483.28936082643065, 89.77559349034331, 659.5659541018266)
(487.7929790735311, 83.45436570640963, 679.1184958442194)
(468.3211690663934, 92.07800201713412, 684.5960849955675)
(464.28652138628973, 107.31887592444211, 678.8094361243739)
(449.2737583184652, 110.55359587945507, 671.8101869092687)
(454.88016879589344, 120.63915619963156, 686.3173529207284)
(443.71976469540306, 129.00619819813264, 668.5600907097232)
(442.3279279484523, 92.40040258254601, 664.4454280708894)
(421.2974855473219, 88.27404703341507, 654.6536302415057)
(410.89313614402863, 99.97025929050912, 679.8435512064009)
(396.82588280144154, 85.19450091048869, 671.8277428758952)
(411.5450168802257, 75.16474423128489, 689.9091547325306)
(429.3841458264129, 73.82578131037803, 707.30378608342)
(447.99099735737576, 82.25884188630644, 701.5764666845164)
(445.67332656167605, 60.93768889757833, 692.7962482849363)
(442.65525827992343, 46.62567899915238, 699.7536166642841)
(441.33724724554406, 50.16067926790008, 715.5546882178135)
(435.8036313274683, 62.29897011948948, 731.0609122551958)
(437.4108435235847, 82.63512538948476, 734.4021861631411)
(423.0613168601865, 108.90281426451331, 731.651724948985)
(396.0913255610213, 101.77469583932869, 700.1077671535411)
(403.9587122695086, 123.78399977416349, 694.5982021204526)
(402.0623177236603, 141.28404804254396, 684.2689965849193)
(395.88804705910917, 133.98177089092002, 662.0650048046939)
(381.26584300497257, 123.353714507418, 666.1205591314872)
(397.75869182493204, 111.5348658218509, 659.1270302379701)
(391.1245820044827, 123.5605929425615, 633.8091263704742)
(383.1770289703083, 144.35129491816446, 636.6843147829431)
(392.3641197424431, 165.49351662559548, 646.1835372782049)
(412.61935652333847, 169.8747659397611, 656.1918466248021)
(403.2902760159439, 168.4543953932675, 687.2035592466547)
(387.89654295854433, 170.3748318435812, 677.8377503165433)
(408.53495725309745, 197.02220623648276, 682.638897236368)
(411.35173070866557, 204.72885056644498, 660.9716214781553)
(390.5363700958137, 213.08729252956664, 654.7398336772408)
(393.4216468908442, 188.04324968730918, 635.0790066688462)
(433.954847054754, 210.3117307543238, 675.4917010375017)
(470.6893112050476, 211.1570780388854, 680.4101577290135)
(489.8068651747657, 210.05512336315036, 668.340882542392)
(491.0019128274896, 228.27037181164178, 674.1728460022933)
(499.0735938569276, 257.4109293343516, 669.2999999367443)
(487.9629696961708, 284.3690854878014, 665.0379714949224)
(477.37800595983686, 299.46531196101745, 666.0063148704011)
(492.7000797246073, 302.705355135064, 663.2626670370034)
(476.44045273211776, 317.00579267407505, 665.9814486530399)
(494.6029002786812, 325.805018846647, 671.4231670322864)
(493.19328100098915, 314.44928659335585, 644.2361103577871)
(499.44543079940877, 315.11691060823364, 625.0256930348585)
(486.01259157904036, 302.8009849993607, 627.2709679438854)
(475.209147576959, 298.1740067628834, 645.5794566882566)
(453.150470962795, 300.3837561753015, 652.8217596764316)
(458.72865757937257, 261.8403955161378, 635.8766316100841)
(467.78516963821255, 238.62404999253545, 645.5473452273657)
(467.4377424013757, 199.97649356617825, 626.5565276834025)
(462.5152951296329, 192.07081204930765, 613.3700863250739)
(480.0061352174737, 183.94078766356432, 624.8385552385782)
(482.84233952093894, 176.15382141494874, 657.3935229998551)
(474.54132286182886, 125.11894838314619, 638.1158759839306)
(451.4331092190503, 101.23654619421518, 641.1811466612505)
(461.8913119079434, 78.50791684707148, 654.4322807492169)
(485.71310106589436, 62.24613130341666, 668.5022737413119)
(497.5186010888101, 48.01678066325993, 658.7257786735894)
(498.87490863886944, 67.81620730073773, 648.167246214873)
(465.8865494494213, 43.786184829656186, 659.5757877208696)
(473.7107578127022, 29.166710112900006, 668.9425027560519)
(487.00342376969405, 22.080903401615394, 683.8887774207337)
(494.96941165914967, 14.281130564471168, 662.9459610293713)
(475.000170314399, 3.9511709919041738, 660.8368433991236)
(470.5725994443859, 0.7131212329637981, 675.8858182857495)
(458.5594617580792, 4.010808341561534, 652.1263046154918)
(480.849738017065, 2.149444677391199, 639.546999421939)
(432.8862241193782, 33.49392561591874, 637.4575363337016)
(438.64903156293326, 72.4380759854888, 622.0720362603906)
(458.21378593204344, 71.19455628189803, 619.2574647977783)
(422.1393848585214, 95.39980083040884, 613.2446564896909)
(379.6682268827878, 78.77558085990933, 621.1239410485592)
(365.6793400055537, 89.501243455817, 631.4937339774102)
(361.560419937237, 107.8435560585409, 636.7206973179459)
(383.0101077543673, 82.48002198233922, 650.3554495341566)
(363.80905680984057, 72.27702540248565, 641.3518088248784)
(348.65615747533, 57.589824753332465, 643.7650501497835)
(349.4882465397783, 62.4612280335497, 657.8153681897624)
(357.9045276546812, 70.14635109423628, 680.2956365592114)
(321.1528704092166, 55.42425910728721, 652.8103989467918)
(320.1478942397268, 38.39034911467076, 656.0195264708113)
(311.1088385441622, 39.22915980503755, 634.7720803945397)
(335.67772292936263, 31.121068589600732, 639.3305097890083)
(317.9192690569642, 12.99766071977082, 653.4403989644317)
(288.7596966234174, 3.7041379041787836, 669.833084385897)
(286.02725181853464, 26.433512303444818, 642.045443047205)
(302.42438875912615, 39.904122418468745, 687.1508413751513)
(265.92185873995476, 50.14068216953926, 710.3073853539242)
(302.3670721953069, 82.25868003362564, 706.1103718943439)
(304.47042675023334, 82.85678814705393, 738.2950607237091)
(254.7992169818296, 95.39743858029681, 746.2337959134143)
(287.1441770716875, 85.42268544729009, 670.528137599079)
(317.97077147318964, 93.05430303473582, 661.721929210742)
(308.934738109795, 113.05860617414598, 664.0683997703654)
(314.71707504961665, 129.55192326193955, 679.5372795366676)
(309.3883607685671, 157.18621584123122, 686.6160899767456)
(351.6179711534582, 166.04926855122852, 690.9009891890389)
(340.09539439024053, 215.0350495129889, 724.8828936407364)
(357.35078323800735, 276.40248460525464, 699.879332807458)
(325.1669827281686, 318.66360002912296, 700.7005095503675)
(307.6259261242282, 332.23411227417176, 682.6825690594482)
(318.71370979488916, 367.41261910075167, 676.1528594190838)
(301.88230863066804, 413.3684447071269, 674.0533309647424)
(300.17594418489483, 440.07667986267137, 662.7429128430597)
(313.39843698116306, 463.0619783564091, 663.1851797961947)
(299.0117670099304, 475.15272413900203, 671.5888244202932)
(290.64457327133937, 480.87387166761494, 654.4564555633303)
(288.0625635260016, 474.80597634876784, 636.3115011986569)
(276.2124413269737, 495.74671675950424, 628.9638740233249)
(254.460361312289, 497.5071613050909, 614.2216163023534)
(245.0752909692868, 482.64759667607984, 624.9323065190724)
(235.81221044315498, 468.89650399584366, 638.3139233652174)
(235.08331709289143, 463.5114671648206, 618.3681390179273)
(218.05781246120898, 457.7672263298068, 615.5901779428837)
(213.00001117076928, 468.4650148470058, 626.2670163719129)
(222.87138864979812, 490.9637817386298, 618.6073284253782)
(188.52593592770455, 459.1323031366709, 631.7506739117972)
(186.38311008144777, 457.52700658453034, 650.3299655960674)
(175.00337933317212, 457.43059619081123, 665.0082709923702)
(170.601349774608, 447.9543952287794, 681.337376390314)
(179.5670185043478, 424.86433868969095, 676.6546068022451)
(176.9292160213808, 409.6660968414773, 685.0421552861343)
(184.4018048271983, 409.3559858925623, 668.88941696586)
(184.35449681283757, 386.7947228875033, 668.3063947784334)
(202.73432007896213, 383.4378907903036, 654.0341189026594)
(214.18131782549554, 397.30516010932115, 651.0793361324893)
(206.31852554486528, 390.12468129496057, 637.1413834621538)
(206.3273492333373, 416.49165834361594, 645.4463079119698)
(209.46588903518426, 428.0345564194059, 632.6396906920311)
(224.25065860827746, 438.7226431419591, 641.0818272854765)
(233.0935231721954, 417.22723992321073, 644.5625799843986)
(242.07310642644737, 424.5201378011467, 629.4213181787659)
(250.58962558277042, 416.28921631500634, 613.4689122867139)
(223.89750784983315, 420.93745771260467, 604.9016394592779)
(190.56605297169997, 411.5403077667834, 618.6928884887054)
(182.39065059099187, 423.3191767186852, 632.2246648828981)
(161.125596741222, 433.2357272241258, 640.7015267156642)
(151.43790030754806, 420.5799814100402, 632.2995592748882)
(150.20485338618096, 431.9628489999315, 614.1562344062825)
(137.41593436076198, 439.14864248682267, 628.9745554711117)
(133.28443732695487, 453.30897420403426, 644.4974936130207)
(147.86852569102433, 459.1323782343344, 630.8544845065321)
(139.84630058763813, 459.5276888948954, 616.7070122718861)
(131.44767776701528, 479.910030418765, 628.334536581726)
(153.27106136821655, 490.2378114215828, 627.1284747537846)
(165.03140490587532, 496.1523873552987, 645.839948978445)
(168.94608071697402, 499.35659028167606, 662.3826331810351)
(179.93961698687073, 486.41105369001394, 673.4201679698547)
(187.09739154179584, 489.83096977762693, 690.2265042128046)
(185.1548772189453, 469.8257568152703, 682.6420723109974)
(195.46037477561524, 457.92872776221515, 689.6240336882248)
(214.67967471426113, 443.30351521573874, 679.4767486396921)
(241.40434486469997, 437.2981183485916, 682.5395855130535)
(253.96247300292507, 438.4001870839415, 665.5331604268767)
(258.4583206857209, 428.9035197664012, 654.4440254233315)
(261.13143533235245, 440.6843598412718, 642.0628402046624)
(254.7389739343782, 445.6786664922096, 620.7594917961778)
(266.84714791930924, 403.3084813427537, 635.0635515170331)
(244.8831035128212, 373.88513426034314, 627.8365355071867)
(217.1926242863556, 353.6296594798831, 633.5164054566046)
(210.2600925941432, 339.3187188924347, 626.8433698055228)
(210.07059339270245, 339.95112831466844, 645.1573951070501)
(214.38656555317786, 325.17229085596716, 652.5632920603232)
(200.92477470381303, 315.4439523608604, 655.0293796364235)
(204.33069978549213, 311.11731922963315, 677.2090906825487)
(195.61303190218388, 296.8232362017231, 683.2245113162637)
(186.02089173698639, 305.63348626641243, 693.810473921106)
(173.54929352563386, 299.9386491643514, 681.9573070763457)
(167.77903169783764, 287.2702786387482, 699.8271156336864)
(178.5065446245614, 269.281401360227, 686.852642650835)
(194.94666675210638, 260.77020811347836, 690.2826669299965)
(200.94962952394152, 276.29862721789385, 683.2037236906656)
(181.88858150952382, 255.22982034439207, 673.2241591582053)
(201.40640816832723, 246.21359753607135, 677.4436135797445)
(189.0315923164574, 233.8790359842664, 684.3706147938656)
(187.83753205690718, 203.31517514279724, 685.6792313678668)
(187.9305782268532, 176.52845167664066, 688.8595374134429)
(148.52494868228538, 189.31834774088307, 682.9362561410214)
(137.53421274494448, 182.64221384273972, 671.286222053134)
(118.59398553595129, 168.89479371223953, 669.2026239346278)
(117.52193559269192, 185.64514661297554, 659.0781474928574)
(124.40128539853256, 207.79197180188015, 658.16613860971)
(121.07366565351457, 221.3728659120674, 667.8897192922849)
(138.9470718391769, 227.51911391378343, 669.1432360000626)
(131.80425397729962, 207.2067560815491, 675.4291380962075)
(147.70056116460128, 198.13600984522301, 697.9732722537032)
(134.64476001560172, 199.04039254773937, 710.5984554224076)
(159.01973134422227, 219.49626929668554, 695.2295499088368)
(125.09691573554987, 238.7822428930297, 710.9332735202552)
(108.09953801902522, 254.1712335416454, 688.1958225995811)
(104.958133103636, 270.9990847019405, 677.436871098153)
(98.52316396726334, 287.281437805024, 672.5627556719841)
(94.59555483498949, 302.75055873432376, 679.7607306935575)
(117.80053789363015, 309.37862370384187, 663.1146203462808)
(134.59328235684143, 314.94452801082014, 666.961336249587)
(131.95869426521583, 310.56550615283237, 680.3728664608897)
(122.07785508783536, 327.5865276415527, 680.3148893283847)
(132.50757534190183, 341.22286879936723, 679.5067851183234)
(144.02760741188297, 333.666609321362, 667.285542848868)
(145.46522985794087, 327.87940643693, 649.5917392428343)
(162.58110189546332, 317.6494783358435, 653.8589006546459)
(170.03596599224042, 334.3806452360282, 660.9261911900071)
(163.4324747088408, 347.26332106851373, 649.5479691298605)
(164.3753820401786, 364.6053944478038, 638.5118372516837)
(151.74418577202687, 363.0472385543681, 625.7295433769403)
(141.46419203925154, 356.6050957227374, 646.6501473045407)
(132.07612657628505, 359.70586665982165, 660.4462420547318)
(113.05277197257536, 365.047765497195, 676.0470837640172)
(120.26602377456847, 382.71019633173927, 666.5878905593053)
(101.39509071454339, 390.12930200207273, 664.0216596324997)
(92.89749816498305, 403.9600996383016, 653.3122152060469)
(84.87120834377836, 412.0826641967029, 636.043513639308)
(91.93759513718757, 431.20409280167854, 647.6141241554018)
(84.0469603072887, 430.02079081587567, 662.4455987521951)
(104.01108654054653, 433.8148342748869, 662.0540949322576)
(112.72221541317317, 428.7142132307579, 640.3991045479261)
(128.58942253130874, 428.4585690842392, 654.416837092635)
(126.83386174977196, 437.83709657584245, 670.8741501232989)
(125.3705020029796, 429.00244234075, 688.2206986704616)
(131.26855651106462, 410.0163498864037, 688.3464028373069)
(124.63914312604601, 410.02553181771907, 673.7755505049765)
(122.24700102045499, 395.6469742535574, 682.7812380236603)
(120.90433154909297, 415.24434701997234, 708.4742870249481)
(125.05233583030467, 428.4412617257284, 716.0153750728439)
(126.67510089691397, 457.7144037137442, 676.4942851816259)
(142.27562845758123, 468.88399889807215, 679.5261189588836)
(140.2173573399803, 492.14153061012206, 660.0095776639957)
(114.57177985184519, 498.7226203059052, 641.02071473317)
(95.925858950061, 490.081938565001, 659.6449725240246)
(90.13435757748623, 470.84256049687684, 663.6723854205376)
(93.39757567206858, 454.59473874968495, 651.4787079103648)
(90.6046042830932, 472.17159529169385, 638.0631325713266)
(73.24438757568657, 476.5363304922247, 646.7171474256718)
(72.37567692500058, 483.48598451673746, 665.1698714001257)
(53.03855700221716, 473.5211572055638, 664.2536386093698)
(47.20102976324514, 488.0571235757913, 659.0353929735737)
(46.67916646390691, 498.70602835613647, 643.8342559438144)
(45.47445893828556, 477.0589101851166, 627.2822548696992)
(65.55270227511839, 469.05051566129856, 629.0979985820644)
(76.99004616571375, 496.61202813682627, 636.3583555718371)
(50.22040255929872, 497.66723194697624, 615.343242722163)
(25.7423280813629, 456.99331747617595, 624.518109440498)
(47.184255802149025, 446.216063184164, 613.2651730419831)
(62.83344790067791, 426.6040470525101, 621.6319309431794)
(64.70416573988558, 419.2809595115442, 648.2052508668313)
(53.23252657230615, 441.87487993449855, 649.3650037711662)
(68.93174262962704, 446.7004324041034, 654.9036990400131)
(66.28575413394638, 456.8648475758806, 670.0552322770303)
(42.70236155617418, 443.26896065643916, 677.430472028999)
(48.07323313085088, 429.6639113504421, 685.0220889685006)
(47.442788104637316, 423.29911310482123, 670.1785949338534)
(25.36477892273342, 431.57944762386046, 682.4527321854714)
(19.068951958649716, 443.45838024222974, 693.4395784375217)
(2.261074151475251, 426.45622139224736, 681.1594128662435)
(4.576756756104361, 403.8370921980266, 696.4444892168942)
(15.667656447111877, 396.94081542843946, 707.6174995023677)
(21.826182229530254, 375.3544190286302, 689.670784040348)
(0.012746655203677015, 364.1595518684666, 678.6660528047665)
(7.7207110719964, 358.06182963657864, 665.39896498516)
(2.522466958046421, 358.4466158594149, 650.221446593796)
(8.61182547295597, 359.29310621937964, 630.8265788138166)
(1.5882716709895717, 380.05468538940875, 631.0456115094285)
(23.129640373803827, 389.65195639253164, 637.0944143165719)
(29.72212777329142, 383.1100841765865, 620.4784034005954)
(31.064784584567683, 351.2356375085564, 636.743540526563)
(41.73053231346785, 339.9540706729696, 618.9897344518)
(38.19834034204417, 322.3098295795812, 617.9096511615892)
(27.930199948364486, 339.93951226528344, 605.7135680521894)
(61.118579937686434, 334.5873949565305, 640.8351790446807)
(58.74288790022969, 322.93154458890274, 659.4353558003448)
(60.986378485158255, 324.87571968062247, 675.397442125698)
(44.060312367740664, 328.51617687924744, 666.4725740003532)
(36.36684743026031, 347.07976140284126, 665.4062407040823)
(25.567753283596783, 336.46174085149875, 676.0023421609235)
(15.431722265419056, 341.9790051096678, 666.3875702474285)
(4.129536976241798, 336.0457907408175, 654.090110387319)
(6.198725229620838, 317.12425317871396, 679.0727297834308)
(4.989280149905795, 322.11143444965165, 699.0405813093587)
(28.22358943157971, 297.89483456179494, 670.6060807782098)
(46.53039112196328, 302.77147764277316, 680.8901272609487)
(56.37110152155644, 288.90453876390967, 677.8335282789392)
(55.25492053895537, 303.13065928561514, 662.8200492797513)
(76.00074445424993, 292.4110250053796, 648.9865484095376)
(79.10526017367769, 278.71096714608683, 633.5936641832948)
(76.27421934764334, 265.0262781986658, 650.912086241636)
(59.467407796680696, 252.4198701296963, 651.8274940090995)
(53.183545051856406, 243.2813854735667, 635.1894211591663)
(72.63080467507731, 237.69308550091634, 639.25539871318)
(89.95163183029464, 246.7497559078215, 636.1228475483188)
(92.40733210506752, 239.55333264787433, 621.7833213638047)
(78.61273615251669, 229.41882584131895, 616.2951686312207)
(42.00186457062854, 234.99662460629207, 618.5998915181375)
(41.19281544855491, 231.2410635306963, 652.0624369882339)
(46.5910010899076, 220.4796425926903, 663.2533589251731)
(42.54808943035165, 225.4423276073258, 681.8674355302762)
(35.70683167970235, 210.7896268405442, 678.1351596180887)
(37.97148681815465, 189.29767027677752, 691.7922064054479)
(19.94257577446823, 198.46276062399116, 700.0364582591637)
(6.751856293695512, 207.00968963310058, 697.180807916539)
(2.973842964708151, 213.79569700025925, 683.3661402889217)
(8.835193035604094, 199.10815454439856, 676.3124870748136)
(16.66284093190268, 182.41415266726295, 680.6393915465285)
(33.50698919067191, 178.03130558986086, 667.1301335143843)
(55.18592902290476, 166.64730526107147, 655.1099672327239)
(58.314247803719134, 192.51960334164647, 659.2267494167576)
(74.73404777671927, 190.53406897186443, 651.9270866260316)
(79.42060768755732, 204.74781666429604, 658.8158301597771)
(67.67576940783276, 221.33855261586206, 653.4928427284942)
(86.12334731064736, 228.88932961848207, 659.218437552672)
(102.14020549476177, 240.2266356371177, 655.5145034550217)
(109.62706322659172, 239.3436587177728, 642.595700804962)
(97.90821143108397, 262.75452720723877, 649.1370532032541)
(104.35557619943803, 276.14949068521463, 641.8842979216921)
(113.6654096015492, 290.4003636832814, 632.9652943269957)
(108.44484239436002, 316.5514134892455, 625.6631830631923)
(102.98438414123956, 332.88449913196183, 628.2206289505033)
(89.90722501983778, 338.9609263995372, 621.2715457971991)
(89.97311656603596, 363.29198614012654, 629.8579057204374)
(96.82848473836836, 377.9886144769105, 646.2217179800093)
(79.06667737000056, 386.32651891687385, 661.3391041742207)
(67.9366870284993, 380.7708005183011, 646.0785917306455)
(65.09721333119018, 365.1421414777656, 633.9321049602901)
(69.90493075357062, 391.7585145701446, 628.2336237188542)
(73.26025216302845, 382.84088753601793, 611.7962972371678)
(95.3684781530948, 373.6660360908943, 608.4985160533518)
(137.76597629319815, 375.1221431208345, 607.5489060262028)
(146.2308639983635, 387.4034269591793, 633.624456961649)
(124.53852591026421, 412.0564287218211, 631.3060949766609)
(114.75728783786326, 400.65018241810014, 650.960258389948)
(141.60071594776102, 413.76912888439375, 653.1034671226071)
(165.63886349807288, 371.5215862101767, 657.5298955621327)
(172.00682068880718, 356.33846449518757, 674.9980029677562)
(193.84685102961447, 345.5009195466534, 677.5345602617504)
(188.23039344078717, 328.73838788346694, 674.7603257930818)
(174.1743460650872, 331.45105411735915, 693.5526499000765)
(183.23910625844331, 358.0555222556498, 703.962683236646)
(192.64852047844, 400.64332884935834, 689.9936744415111)
(186.02005470812927, 421.8699397827647, 710.4296022960962)
(219.94878017441184, 415.68769554971794, 685.1325039529438)
(241.92375064457678, 397.7669393094842, 689.3275801573516)
(230.25087780647624, 394.8344095484556, 668.1016758741401)
(260.90435876438556, 424.63091304974733, 672.5022683597954)
(262.8689902157101, 431.5605439434738, 687.6877663459602)
(248.64057373888997, 462.1770946186762, 676.1004198211831)
(249.5811209129069, 477.1416772540308, 692.5641716799224)
(237.74112167486732, 487.05261780699175, 684.2662833828697)
(238.21103401933803, 498.86428591936067, 668.7145737780008)
(268.56085262597395, 497.19029714391405, 682.7622372711913)
(313.0663542698029, 496.50773479005267, 703.4978336647036)
(330.32452320158944, 487.7494500005206, 677.6802322688352)
(359.3059833674052, 497.81265387508535, 708.4549109130387)
(349.85882810730163, 496.3715043899432, 723.6181952953336)
(335.8747529221869, 474.7823945036325, 738.6200662621161)
(322.30678652663914, 481.9233129163907, 734.8380741738379)
(225.92029256608038, 498.5008261082057, 734.4556711699747)
(200.76415987524354, 496.4686910938659, 726.1386007804085)
(166.77976347678953, 468.21888359995626, 709.0425722078669)
(145.59212820051255, 497.0948443237229, 692.3974368971449)
(123.73015576889112, 490.9313380002451, 693.3896864346942)
(113.8511228113625, 485.0092239250875, 682.9186021174797)
(89.70237086824528, 469.8590487739479, 687.3299135094787)
(78.19829200400447, 495.4766705867314, 682.8277387315416)
(30.13554823054393, 496.6521100241254, 668.1255926767631)
(2.938639854654923, 486.38068726570805, 671.1136283507597)
(23.334426425912213, 497.8114981487166, 731.1874401867772)
(37.56862240767222, 430.65365601513673, 752.7837267390837)
(59.536036854561715, 387.1689863797275, 719.8180457440628)
(44.719761787311576, 381.8811566231862, 708.3254832639062)
(50.25806275075667, 375.13904940614077, 672.5495031839107)
(43.47918660738531, 378.5714863391972, 660.5097260020046)
(54.369777570335785, 396.10832114343793, 658.6179109458049)
(28.031255022273992, 400.61150806557833, 666.7639033067574)
(13.758099239286615, 381.8220430884512, 658.0433850239956)
(28.57017760546282, 419.84811266397537, 643.481167273425)
(0.6662309456950122, 423.2911057544867, 636.1375254635645)
(56.464665769356216, 438.3829999369301, 697.4424292808635)
(109.79838718937634, 470.61769726902776, 649.124591705887)
(105.04266725815164, 468.56302227849534, 618.6306877059542)
(93.17183725781769, 457.55610492258694, 620.1515094753945)
(164.1510420644573, 456.30700064475025, 638.0780930713461)
(200.86215517232665, 476.2067940926723, 664.2826513637357)
(220.0051599632353, 467.5814555769572, 667.3786353258382)
(276.4707831842574, 385.6540663645109, 701.751252771659)
(244.9267606453535, 355.0445107499271, 711.530914555325)
(224.15002555312608, 331.470958227648, 688.381999208819)
(239.4004163080409, 315.0151769353253, 661.3303334415883)
(246.46020261101194, 290.9492788869738, 660.2843851702308)
(255.25914549891814, 282.1592636159288, 674.9694061660762)
(242.81641868183706, 273.85224016053957, 685.3967553753146)
(233.6693323347872, 255.0573584458486, 684.6010129772845)
(272.1950986615883, 235.61721619473107, 691.2609107043356)
(259.87825035348953, 208.34766263524918, 727.601834772565)
(223.22676357720638, 198.20070852762555, 700.3832952298934)
(185.2518552252142, 238.75080002522165, 733.8204852162937)
(171.24378950362657, 261.2324789268692, 707.7446421590727)
(164.34366994544004, 253.75162026814968, 660.0604094634473)
(173.08485896608977, 246.77727475112266, 645.4397673546287)
(181.68215102178064, 268.1609250978829, 636.0203953209098)
(180.95751725059438, 278.7300022036225, 660.7799739248735)
(182.68670200841646, 297.3253690991988, 659.8841721213887)
(161.22922221588232, 296.62928171123644, 646.9096369713286)
(143.05473171505818, 301.7582072293725, 639.5279304501721)
(142.92434456289212, 278.7162434046093, 654.1106604586819)
(149.16270843906915, 266.3700309786834, 630.9709246900591)
(156.783212145851, 278.12179078738546, 627.6242417109072)
(156.5407991988369, 337.9013445241578, 625.0693254439773)
(175.00044581804335, 340.1612683130962, 620.2482116896488)
(160.73976014131324, 344.402712250094, 607.2949176089974)
(210.60866641577636, 356.5078039725916, 615.7485632300001)
(231.12347915076543, 341.89197739707447, 638.6514908072727)
(225.5220264668314, 354.21432253933676, 650.7091108809743)
(222.5024722508248, 297.28339991354693, 677.7650881678883)
(212.29917358937712, 268.63057637567255, 648.825847897369)
(223.39238566405572, 261.5818452369506, 738.5828784301386)
(130.45077263687244, 225.49400354564293, 748.8829129001265)
(86.75208489073476, 219.42532216501814, 688.1170726200835)
(105.29209283871805, 206.8409207542437, 659.2254886802298)
(88.89668604712708, 185.96969704654597, 662.2631408055221)
(89.56573734337347, 168.80397630294453, 653.324306791371)
(79.57421498384754, 151.27811230999717, 661.1499310650966)
(93.6277731986811, 169.8742554429232, 679.8628788682106)
(108.05473168151664, 138.09791507167878, 695.2989868936439)
(94.77514757422212, 138.96225382845685, 728.3898200705285)
(49.938199205635804, 153.6366823816897, 686.883414265803)
(32.87003223174495, 136.91512628599668, 678.8561787006827)
(15.844189286148836, 126.44892427503918, 671.7489474902642)
(15.693438252397772, 111.51429771129051, 660.939546514128)
(29.52007734820522, 113.86296134254653, 667.1641366635557)
(16.84862147044852, 96.35435749762516, 681.0600463975621)
(1.9822509304283087, 92.81474603687067, 673.5413877807738)
(6.503411577267859, 110.87883512113112, 683.982233382626)
(0.9085408005546358, 123.8499472712361, 661.2271874974384)
(15.819765750630877, 144.086349560976, 663.2715587073905)
(20.369161910130163, 164.55940000681002, 694.4729450807338)
(12.965864688225249, 157.0338678779199, 728.8800656129661)
(30.07439086066366, 82.85370035652828, 740.5554196703257)
(20.21818443828527, 77.14967770824666, 697.894913988516)
(3.2216641576476857, 54.30128516462762, 681.9977901835341)
(1.0053540819800477, 24.71356433608468, 684.6048458511004)
(21.593727966855546, 25.8723911342737, 703.7235201890451)
(79.14317884327609, 53.24747947749342, 732.0223406274914)
(75.02281146688539, 71.57033834540421, 710.7924381667294)
(171.03652264404468, 149.55246049872767, 740.5775315478738)
(87.28137077749243, 196.85156476761995, 636.2120917927346)
(28.085229710373195, 219.4046140497493, 654.7231954793922)
(21.007969621585076, 206.96940510772055, 643.5585383947918)
(5.056253309431047, 186.8002138956199, 637.3685458176101)
(12.638821802819, 226.65876218544116, 662.0192686861276)
(20.850064951513648, 238.50164475967244, 655.9309598498406)
(1.5421455269066797, 241.1042115736271, 654.1840414485531)
(17.17973684152768, 250.29503753276072, 638.8637658238365)
(12.390638646694763, 275.4055691719844, 643.8400998128952)
(45.41005831134887, 297.2680617607264, 631.6755632835185)
(86.16501737036936, 314.6597905215349, 654.1996868730059)
(89.51987323785198, 334.3613449536418, 648.4977962930392)
(106.9066750986672, 331.7226522530632, 653.5823023703923)
(109.1669807624871, 335.38593059543945, 669.1169994956289)
(81.53471758310826, 350.0372002266143, 657.3142850017332)
(62.32165078239266, 345.8293019254296, 671.7765431327612)
(36.10246698642649, 283.2646186958311, 691.2556349791334)
(26.643871348944693, 265.1932032990232, 687.55379809737)
(46.416894113253505, 261.98212624736504, 674.3667162780908)
(45.10608191519783, 244.24445387991244, 665.1440109082715)
(44.28837255555385, 237.515945431919, 703.7255997186084)
(9.454750678205503, 236.5349024080737, 688.025841370216)
(7.2596828665921205, 244.76266619058123, 719.5612292399685)
(71.40236257145361, 267.6243632094546, 693.9683783111634)
(137.89230071733422, 373.0052645736216, 714.1359700018522)
(166.22197234484716, 349.80436080935027, 748.4618739986508)
(333.51195719974197, 350.7185999608967, 728.0829435174387)
(372.8973791239921, 324.93427106428885, 681.7399673689677)
(383.2951426636051, 334.43027674410246, 674.9171565627878)
(390.63971161014643, 349.8352857540928, 677.5812997249786)
(406.8751291620716, 351.72088178781513, 675.8004828523921)
(404.40781069190274, 366.8542006546387, 686.650006853858)
(400.51824977544425, 374.81858225714564, 667.453139830439)
(410.282400620476, 406.74085665377885, 686.3792264672813)
(468.92876158790693, 373.91658808594207, 675.5665213678185)
(467.54485586110184, 363.6534896494965, 692.4309406423114)
(463.00624525858507, 349.15540075112574, 674.6412118177803)
(453.8553120286943, 343.41206915399613, 661.6680164384936)
(441.14205717683024, 339.514967488163, 705.5788655321795)
(428.45991759174234, 317.15795437584757, 708.2019587218053)
(438.05025120028176, 307.5854003861463, 721.0426233282035)
(439.3280547743868, 285.0889376120427, 713.6706326762726)
(435.92320336003564, 282.22542230549703, 727.9064328276564)
(421.37744125832006, 280.3671383134952, 733.1509874855344)
(422.11907346289894, 258.0795883905887, 742.0561133793234)
(425.7196343566898, 255.62959752762677, 724.4883409917345)
(416.420895435488, 220.61899236606618, 727.8591588735114)
(431.61343728959434, 213.52559591274706, 719.8011622122885)
(427.0639190058589, 163.89986313254735, 737.4022261917681)
(412.36974280859414, 154.2817478964198, 714.3092016740335)
(475.8569020236413, 113.53500060938615, 721.7949830401562)
(460.02305494070464, 47.79985701717126, 686.8277970672908)
(456.4679050705559, 36.26593340018586, 698.3929005978897)
(448.26411823204705, 9.91701553046964, 703.0057194922474)
(432.69034538651147, 8.810726245454259, 680.7364933442038)
(411.4498988912077, 10.8769430669044, 671.1582522961189)
(395.43247755470713, 3.9863432861302894, 665.6071895644885)
(403.8182545636071, 2.3736309563743285, 688.3143797676698)
(421.18196277032416, 36.21644257748174, 679.3659509883232)
(415.302571702659, 50.25201463676915, 693.4596987657671)
(427.44305294785937, 15.640763114154465, 721.7872644747144)
(421.54197027870725, 0.5563029917836082, 739.4047369830125)
(355.65682283673635, 0.028003198031756327, 699.1912681282587)
(364.0001440135524, 8.946438177818205, 636.827358309383)
(385.98199849120914, 5.903018078794231, 638.0911983571918)
(391.4289308895967, 17.114475604285083, 628.7233172519202)
(380.69007951189565, 33.47844854306265, 633.9024994167607)
(380.6704402379066, 56.814937224075216, 626.7017824210898)
(356.17352071135736, 50.09912898141272, 629.0510880236245)
(346.9568114804337, 67.97002750551145, 625.9950420821109)
(239.8664853933341, 0.8727199725528378, 673.9088314983659)
(431.2266366720783, 272.60976203022574, 620.7518181858005)
(470.86791617043684, 297.90003971176657, 608.1649963355176)
(492.2325965110886, 307.0280420164897, 604.6013396217166)
(493.9680067915721, 340.7968127129624, 624.0972683485548)
(496.94254129620975, 359.35301663288436, 650.0153022905157)
(499.88474033726857, 372.9873541424387, 652.9763609802808)
(499.00530601816087, 371.0230008361529, 671.2822653406615)
(498.9152686349573, 399.4699987907229, 657.3163157274887)
(484.4144599497207, 392.8092938110302, 646.5552831562694)
(478.0703581230958, 389.73716980784224, 630.739064949922)
(473.6575910818976, 394.8231958669739, 661.7431593673865)
(475.81897256045795, 412.96268675380554, 660.000582461268)
(457.0635053191794, 415.70682395216767, 617.2040831455058)
(458.2648504049818, 443.3260416051059, 611.4436884584863)
(453.73111834567777, 479.25785740958617, 640.8085930293169)
(444.68100841338577, 493.2624190739055, 658.4350397024643)
(431.7967199004964, 480.78281438739054, 665.5683541866401)
(449.7706623557053, 499.4734715925366, 625.6464504908039)
(488.2767517492386, 313.47072959195197, 723.7842822288588)
(496.49703448961446, 295.3024021367466, 684.319689715165)
(498.7189236187389, 261.1479877258382, 612.738904826666)
