(132.8709178896193, 300.8460596592731, 360.3044002359789)
(132.8709178896193, 300.8460596592731, 360.3044002359789)
(144.01443980084116, 300.54525050605565, 386.34995474342065)
(129.26560825920953, 288.50188361902207, 387.08499795661027)
(128.17855169472514, 300.43306665479184, 414.4667709837738)
(125.73294563829695, 321.4264279019393, 415.5834391562041)
(116.40074191889987, 312.7420538056285, 429.7373947725273)
(121.89380488043933, 308.2909028009077, 442.7645287230891)
(112.3798293919634, 319.5979091644633, 443.37835634088367)
(122.7760953679608, 333.32003541752897, 445.13551316107066)
(124.75677486360892, 349.3016829981659, 452.17041917043366)
(123.89111718028734, 355.28746921599964, 434.2731324975956)
(125.29205226276791, 369.33937415469967, 421.20402627243493)
(149.41640665731032, 378.071836172343, 422.6828294821473)
(170.65253641974547, 363.11100805354033, 425.842039678578)
(161.5435627371727, 361.06648375753895, 450.1203019386638)
(150.57940558889922, 352.6756334316561, 449.18710509452137)
(157.00177123937493, 345.00888140918573, 462.5247175872445)
(163.1441430386088, 330.1696298640441, 454.7917736449566)
(170.9084065243201, 326.64180558410783, 475.6209682055216)
(182.0142888531372, 315.0518867839124, 466.9062006962744)
(167.78156315285096, 301.9770079306494, 478.0563965132373)
(164.32788620564975, 286.4506698414971, 465.00591075020617)
(167.2764380555165, 266.7546305913241, 479.6941713078145)
(182.53200279914063, 270.5181238498646, 481.5248947957523)
(182.16868801173825, 262.4389635900211, 506.137547032569)
(172.8736787381426, 248.1885878276321, 510.75867303638904)
(188.59343439986748, 243.87759056875586, 499.39105333154566)
(191.24166160643847, 237.10642414284916, 516.4165198175878)
(196.12726364770478, 250.82293689192113, 516.477221890466)
(200.77675217747364, 260.4371459280333, 526.758153914295)
(213.7938579677347, 267.8018768536308, 523.8360777237363)
(221.66313255604396, 271.81533307912815, 512.8330032288976)
(230.24406684681992, 269.7805591831119, 524.7253600544709)
(243.16489264219084, 266.33562000607685, 513.044136757035)
(249.14121578439068, 279.57611839832174, 510.2131311149866)
(248.73859731080373, 295.74627101286717, 523.7969186832852)
(257.9048217179724, 285.8811662443596, 530.6738051985961)
(268.8098555553476, 275.0561473686584, 530.8638973998723)
(265.62971512019675, 260.051611692587, 519.847575194184)
(259.79773373126886, 252.7683617306577, 509.20685443176944)
(244.9466212400722, 240.8672213628899, 521.3378560080652)
(252.5366552765607, 233.37012483328434, 532.1232122552235)
(265.617169680695, 223.03572013196614, 523.1928566118528)
(261.4015548640151, 206.14866818629528, 531.9276252057092)
(236.92194947663185, 212.08398720291794, 532.3893703356908)
(232.31434798721506, 228.2798798161375, 530.6165648133519)
(214.9059237514132, 238.6541480129477, 526.9622399643723)
(215.2712117999368, 253.74616700256203, 524.7432912928032)
(226.07656998634178, 248.1724883372526, 531.2261362341808)
(224.6636557481917, 240.0748955920372, 511.7042509108668)
(215.18232164146195, 238.1844772722652, 500.4338616978969)
(225.54038342389825, 243.96412314165477, 491.72190494382636)
(221.72534599421584, 255.69992764581085, 487.2375917897183)
(226.97489697022482, 255.34225480436467, 510.45241390765557)
(249.18604340215083, 254.68803567996767, 531.0502082741144)
(284.5470594623027, 263.54789557106005, 519.2157860092686)
(291.22765634771736, 266.34951361643493, 507.12166484284285)
(295.4233088525538, 270.48485777340017, 489.476468265114)
(292.49434427535425, 285.25268904900037, 475.31531269862)
(293.6738021233527, 261.4569494313446, 461.9996906662184)
(299.18296855784104, 257.9602490582295, 445.74232704199505)
(301.544696379433, 269.173725641505, 438.6320230915315)
(300.90876298723714, 276.5771324297043, 425.29640488485495)
(300.69888850563444, 295.73221872212787, 424.640112595799)
(303.84951866278936, 298.6687967195037, 407.1199835598843)
(313.8809712914286, 323.55397704272355, 386.6659723563476)
(315.45370983994655, 338.000883503297, 419.5167220336715)
(336.65554591872365, 348.7667332034687, 416.3801445553196)
(348.0067171645172, 363.14811885602313, 426.15788587797226)
(351.94988450305544, 373.27237226391264, 433.07437376288976)
(355.8533125332679, 363.278676082166, 442.88985801824276)
(354.9459025297032, 393.45566747064873, 454.24785119235435)
(367.702798299123, 407.6420227462358, 456.8695788274119)
(375.6588156896431, 389.16758049225433, 447.7965926820364)
(374.4269270558369, 402.1567217945224, 429.4640905438026)
(381.02052653905247, 403.9826415710671, 414.4809440408013)
(360.5076737183872, 402.65918020447907, 412.69056135436756)
(350.33506369834413, 392.3385467892322, 412.6789164253263)
(340.6687901019091, 388.16121333507294, 401.8020390933979)
(341.22000334379146, 360.6075888190008, 395.11252822625875)
(344.3591512424209, 340.5678654861219, 396.50899134012116)
(377.80384593682385, 336.33152527275104, 426.0374965630989)
(397.55682788447695, 332.8038368912173, 451.74706431839536)
(413.3307007562314, 332.9899649949872, 445.3493908087803)
(416.5945071346222, 339.1900649324104, 416.48423268976944)
(419.32493067081015, 355.02190670145603, 420.465989810423)
(436.46428140154353, 350.6549988159789, 463.74792253333214)
(445.7362363947091, 355.93639475254565, 474.7115581341807)
(448.95528017710717, 369.8574479524691, 460.9788891268637)
(452.8704595951087, 382.2341527796585, 466.90666556811243)
(448.50137787969487, 396.2016155299393, 471.4044846874144)
(461.76179556718716, 398.9291766051503, 473.0577106945275)
(454.3606409258475, 395.43405517665644, 486.59347257170566)
(460.2217426268668, 396.6285460392614, 499.6969159391276)
(471.4303881057601, 403.9476883944911, 508.81635647351015)
(485.50195684396004, 391.2123785490208, 495.4658624693717)
(494.7487688765604, 382.9315212040078, 511.2526255466354)
(492.18822321892094, 390.10674219933964, 530.1732547728508)
(496.229898108473, 410.03929579696376, 531.2897836965819)
(483.78122735108394, 422.00170259291593, 526.4600991190084)
(496.3384018286908, 425.91560327410497, 522.0596191328257)
(499.78659364355633, 440.02828790094264, 532.4925093450997)
(494.66388150278243, 459.8025338862177, 527.7843820376199)
(474.5788086736865, 479.5222426645886, 513.3705313723821)
(486.10782237532976, 496.87260953974555, 511.86938324563704)
(497.8657625037947, 499.3820628058181, 489.5943757702736)
(489.3327047274502, 495.08945566099976, 474.8161729915723)
(497.5350956764009, 481.60718572743673, 469.4553457344586)
(499.77455510986726, 462.0931714112996, 473.50959329220905)
(497.32831624867566, 470.07986578837966, 486.41192060440187)
(494.4303638890987, 443.6710982670663, 491.08875721044825)
(487.0326141307058, 437.4065049788815, 478.43082888774273)
(490.1148903139416, 420.2723523299392, 476.5476400825579)
(499.6088934717517, 407.716784787798, 472.82828021496107)
(494.439047675665, 391.6976593578144, 469.29463650275477)
(490.54781125963655, 372.914482145406, 472.12240541940935)
(476.9018084607365, 371.43481827945766, 460.8157592280546)
(467.9649354513943, 383.8044070762103, 451.0537933548982)
(466.4310829909049, 400.89242764877014, 455.0937435048161)
(461.8377964351802, 401.02497690429647, 441.93515606254016)
(474.933748291948, 416.41286462408516, 438.4675313442316)
(483.8040796679894, 431.223664081025, 440.95048899344795)
(477.95550648663243, 444.18305869893493, 458.9620746329468)
(461.4161029899736, 439.9359972975291, 461.36540825175723)
(458.7250808846656, 444.132206423214, 478.2777589965897)
(459.24424425848423, 460.3678879899856, 473.62179731053857)
(449.3702784008854, 471.31574570593915, 470.7967435734391)
(444.8117081886851, 484.51375457860536, 465.24076314085363)
(459.70860449713507, 496.9593843815046, 466.9833411866292)
(471.0303273991781, 480.41434689677914, 461.48257292579603)
(473.88103361845396, 475.2639195488198, 442.5168476325182)
(474.2959304091026, 498.6535042380554, 440.81937545513364)
(444.2302992791196, 498.75210471925385, 448.040660528812)
(449.32811484390083, 489.6682738497861, 416.3764774674759)
(424.8629830212634, 476.66203245120806, 475.08671849858536)
(432.1990287526794, 489.26486390050525, 481.39589216864306)
(419.2110319774534, 498.99187123688097, 487.28099739046075)
(420.99943987185657, 483.9842924798486, 494.30142381332405)
(422.2024571724104, 464.19515123607835, 504.5953436443881)
(433.29484852666496, 463.26556990009584, 491.18878278357124)
(435.7357713153893, 444.6954814702629, 480.07657571863933)
(426.93848982392825, 433.5975790192842, 495.9815172455993)
(420.25607486311935, 416.9852663102804, 496.86012577750466)
(411.07022422716176, 405.8921691864953, 488.9626990483606)
(394.729033792642, 407.7257648103887, 481.7854227952034)
(379.4080464391034, 413.13345801907525, 479.1099612469011)
(370.82569631492754, 425.1440738588435, 496.1377021263311)
(364.32489026983234, 410.20440905301655, 500.42451034285705)
(363.79025466107913, 396.97503235570355, 512.4319994344069)
(364.84120875507415, 384.991701089169, 503.65296672622276)
(380.4671438270703, 391.1799840179884, 494.157211728835)
(391.561388956187, 386.1522374350658, 502.1863630807204)
(387.6465721054122, 376.9255003440646, 512.3773745285937)
(377.96338034399827, 365.8021803448196, 506.24189528296694)
(379.6230333833986, 363.012879934433, 528.5509453109335)
(370.6404422748178, 343.53782545121004, 529.8614684188833)
(361.9892101237278, 352.8396895478096, 520.5559927945451)
(360.533950718664, 375.0066953787452, 524.9265819076802)
(362.24944673174997, 390.6337472544762, 531.3988649245118)
(380.20790961440696, 395.63998192901045, 518.1647086377952)
(373.9616194423938, 407.58719784723655, 521.2742652461136)
(355.88400911516334, 422.0901903261752, 521.3608510184366)
(372.548456065417, 433.1053427829345, 525.5271394228943)
(381.48768374511354, 442.57120388482906, 510.67455612879826)
(390.80420457199125, 444.314555000433, 494.39366836187185)
(404.63820988144636, 438.47422938565717, 495.4177231479083)
(402.173809149401, 428.6779328366401, 483.78102545612467)
(387.70358097143446, 424.7641175972095, 500.4382766895883)
(387.9587042837157, 403.4051975033088, 500.4533383450474)
(408.18363283479135, 411.613023659836, 508.0947648875225)
(425.00330090947386, 402.69449581104493, 505.9547253777682)
(410.96601585049734, 386.41509835627534, 499.4470567491958)
(415.8782851635116, 372.7685687830865, 493.0876562821263)
(415.80135822157644, 357.88637059578355, 496.7500703699991)
(424.5150863655039, 360.83896913835554, 509.72359470834465)
(422.3576344501681, 349.10940104692605, 524.8980491947433)
(408.48876447755987, 339.4924861590412, 528.0615233324204)
(389.83629881900765, 340.4467735932296, 526.8572994473323)
(407.98838532859133, 360.05043716803686, 525.7080393585861)
(406.1722774741398, 378.54087440894466, 529.092385674717)
(420.7120824683979, 389.89411312832027, 525.0727330492555)
(440.1485136737421, 403.90826424871597, 530.1369563472697)
(434.7229493819401, 432.6718926543628, 528.3178648137061)
(418.5541538312199, 440.6982751667389, 524.7765227929759)
(421.13331715471537, 445.2804793682152, 509.9905173622675)
(404.02339774131354, 444.73231752836597, 509.6819410244311)
(397.9582839561746, 433.05739650898903, 526.6557228333073)
(365.9590214456784, 452.41474194332267, 532.8985532680416)
(375.3713274635436, 472.03187917531875, 531.9328246913799)
(365.6091946305004, 475.3860325325138, 519.7648177336029)
(382.4851998302263, 466.8370787486677, 518.5095582296276)
(384.92627407820413, 491.9634801361702, 531.4323459035958)
(368.94684074982104, 495.1891987727344, 519.2249012535189)
(358.06522493986625, 498.30762562029565, 529.6873512793144)
(356.23520976729725, 497.53351742974604, 507.2498203640507)
(382.46764996598995, 494.74782014283187, 508.0277008953036)
(399.50015784032183, 491.5681163429442, 496.34957931409593)
(402.73181785411145, 490.99218530009085, 480.9976365787621)
(386.08654946013746, 495.96955178220315, 486.5411764268216)
(383.0801150103805, 493.2531459966279, 468.8004747906177)
(413.23661044991496, 463.33029758808317, 465.0346367172466)
(387.6488041578048, 458.38760004708246, 438.99093471898345)
(375.7113348023184, 446.79040678537314, 467.6432937471684)
(354.5959380740053, 460.1432092701592, 440.8352765051039)
(343.245206508144, 454.73048043777624, 433.19879569433556)
(350.6391567784666, 477.8140777088315, 429.7515303683689)
(350.3527505049333, 491.123805500548, 422.32900294424826)
(328.4791057324102, 484.96206847460616, 430.5499344902976)
(319.28617235381034, 468.8182815990093, 431.25620634034254)
(319.16264312441496, 444.6467066357021, 425.8007819381853)
(331.49905845373826, 438.91991697475794, 407.29288035848936)
(341.7666128472518, 455.63942490431697, 403.4536472846971)
(366.64085190467273, 438.90763416637964, 408.48882981923515)
(346.8283170907056, 414.22239786781023, 415.20860881275314)
(350.7907545438131, 398.9087640471661, 429.34506759150963)
(332.765965961527, 404.0250320334098, 433.7542678431954)
(327.3263401745403, 416.43589978665943, 440.830642992614)
(330.79105037437154, 426.49425317778065, 454.8501594663269)
(317.4499862265274, 432.2110295399486, 460.43992642823827)
(322.7614482053221, 414.16732987096566, 466.6128947119221)
(322.4730836533928, 395.8829812311404, 463.70749757328144)
(323.30969524995186, 378.18160129384773, 475.4640690437417)
(339.61590782870724, 372.47062646157144, 477.163909442067)
(335.8331749152356, 353.91101133279255, 471.69789629842876)
(320.6672233066283, 351.2485285133734, 462.952759684503)
(316.54952787897156, 369.1882098688652, 457.21575035719343)
(311.45462199000616, 378.9336627926084, 442.40211603113175)
(315.3336311048759, 364.5646367708521, 428.4650844679368)
(311.49354879608853, 353.8050403514043, 439.00034980747387)
(298.59155025657066, 346.3439807182369, 438.5437387541589)
(295.6094251065809, 333.81869559296587, 442.8340104047662)
(303.5026358172313, 331.64635856291414, 461.6820902785572)
(316.3421450551657, 315.16045751155036, 459.6540742323384)
(321.6793272766879, 294.9605627240259, 474.29336053530005)
(333.60446367354376, 281.2595383442459, 462.39104083744917)
(338.4834127598184, 268.3579129570023, 456.13053229027844)
(339.000409939431, 254.02677920107607, 467.580576722118)
(326.59078928441124, 248.89604886349838, 454.00247221523375)
(313.19188046236013, 251.62961471962265, 432.91607164314496)
(318.08425270967376, 237.90328155855633, 419.1461411316548)
(316.6419584510459, 221.72780928483184, 423.9381006683896)
(315.9568411494695, 215.53825977014952, 440.82775819376866)
(313.3732440310596, 204.00054769240327, 425.7830675764195)
(330.2409766668104, 200.86657171568538, 429.2882768449669)
(339.1068833712594, 216.40274489335505, 434.89865971416015)
(338.7807629986452, 232.01701037124295, 419.06601544365867)
(340.9470323862999, 245.34338893899465, 394.9802891357126)
(334.0086459712969, 257.9117870137093, 398.8346423893504)
(345.5758989562116, 273.40510681160765, 393.20478416942285)
(349.37140200260154, 284.0906536566547, 388.672276358009)
(347.4663343003512, 290.02942449196144, 398.52586651547443)
(339.95703971450826, 288.478718359829, 415.2017979401573)
(351.6732939161111, 284.82192080366355, 429.1640773844184)
(350.24327435466705, 270.9221632274255, 407.26038772348767)
(366.1940726502708, 258.69994126202255, 408.0451794036112)
(339.74527853965463, 259.63152948487703, 424.3806345184245)
(367.3165671314132, 257.9586018802626, 442.9407421431363)
(370.8269627045041, 225.932858065729, 445.7079157709488)
(382.77877425343837, 209.50906646271318, 446.5811303080971)
(392.6779235297417, 232.53047131569045, 467.2170540390291)
(391.8447767142247, 226.13520974564145, 482.7593439014289)
(407.35085660970327, 217.68089570047778, 486.13209429652284)
(406.8035211470456, 209.44996626327554, 497.2709102955392)
(398.39686253028987, 199.1251660941561, 502.05741631863094)
(388.19471072738725, 186.8311629016085, 493.5246703724953)
(392.8512232998743, 174.1010601454626, 500.6746264501486)
(393.6731192282936, 162.46454481739613, 511.2558938699077)
(396.29153580459626, 155.62967695202974, 524.6822015873521)
(394.8819547298072, 135.51794236663704, 529.8957154696163)
(374.56964226523434, 137.21618065516705, 530.1412318828874)
(375.8139495018607, 151.02431277269724, 526.23583603405)
(374.785410280238, 167.3363504700453, 521.0368715879088)
(385.28811591705374, 174.94599072144274, 530.8151286412331)
(394.3560198757325, 179.84053686257073, 519.9719378342035)
(412.739192418361, 198.66051805278923, 519.4042157559193)
(426.3045855716412, 196.1984837854825, 509.1583365215722)
(425.43260330647627, 187.22785458677555, 496.7895243266038)
(416.42496899246254, 189.73069664856584, 485.1034284273669)
(417.3003210911933, 203.90011513594845, 478.5821121570018)
(417.0962816192978, 218.67921297473748, 470.69428973334743)
(428.2636419749572, 216.43860907087569, 481.21507601058534)
(425.85158988627126, 211.9557719844784, 496.00220323489555)
(441.6399490225133, 203.28478965112095, 476.7784275078053)
(447.71168285289144, 217.74765622697646, 474.48916974910276)
(448.6230205762227, 235.34322060736545, 468.6164973400413)
(454.63671920070334, 226.1822108839613, 492.4233641754457)
(455.6594687860361, 230.84026399942502, 512.5247609060865)
(447.7132058237327, 214.12161773650567, 529.3195031042032)
(431.96916902496696, 235.59435056256677, 520.6800891710454)
(419.4185092279219, 220.02725438672633, 520.9581750680396)
(414.3453033163392, 234.2763617013921, 510.78433821746273)
(400.0395600022717, 246.93116971860928, 514.0319356023176)
(399.7353028909995, 258.5650527094054, 491.81553148635305)
(407.14211875647237, 268.05631773851763, 500.5584371265216)
(398.2740966255713, 276.04364881356776, 511.35664604410846)
(394.1478194368748, 290.79804129048586, 510.9919276858184)
(379.831830429024, 295.12906314327483, 515.4573321923897)
(365.4909054894856, 304.00160595017906, 511.6186715742047)
(373.1004164411547, 312.8123520854619, 499.4601860259429)
(382.4337443149751, 318.0547830917007, 488.3968813283245)
(399.6553346768433, 320.67874501109867, 488.29781586483836)
(403.88764598976474, 314.9629438415637, 477.09156810446314)
(400.2836399855069, 298.968985586551, 486.2950780461518)
(400.59655880182663, 279.14162059009533, 483.48110059615925)
(420.06250244745394, 273.8050888712654, 475.60851374808544)
(425.8780840595635, 262.573962131997, 487.42699150622093)
(436.41514834813853, 254.43166013376432, 505.010167168686)
(434.90451184263634, 238.1515333768906, 496.37297783043874)
(454.00011432294946, 265.3846067706445, 498.9524057587614)
(447.0479788059324, 279.19889444741585, 513.2429886712895)
(457.8049973874801, 276.64335135375296, 521.972595080281)
(470.31468242681746, 279.36606794215237, 531.4512847031481)
(461.1752069457239, 260.9913413473396, 530.1606378481499)
(479.772007043359, 239.15246674387842, 518.3664505284343)
(496.7212886413738, 230.31491233670536, 527.661439501915)
(483.8646298284844, 215.56348894646183, 504.86193742573886)
(486.8107187199258, 201.02005233835595, 501.8345298935808)
(478.8499480082069, 187.4377997254455, 513.2134782721416)
(459.35644898490625, 163.63649465045964, 518.5124328639316)
(462.9068457153712, 152.51859276981938, 497.11324754371685)
(446.93791770034187, 146.3069650919421, 499.59280119970407)
(434.7884815934136, 150.05823840377263, 487.34474302662454)
(434.09845943033486, 171.51207242382688, 495.6710808946853)
(423.8269309422317, 162.23692312386078, 505.8413305132226)
(407.95905374591314, 153.42261008529263, 495.94457025574104)
(411.8948798186526, 146.63705027997008, 475.594184279905)
(412.44455469289557, 166.19697077491418, 470.691542815461)
(424.0890568801688, 170.7632581590721, 463.23241809078513)
(427.2157515506028, 152.69693469513223, 462.5353341091288)
(430.06380084065023, 144.46584329786722, 449.7045171181276)
(440.53047672989527, 135.19180545802234, 468.3066063696551)
(445.99550560071674, 120.61576055140144, 460.5481853847248)
(439.89597303843675, 102.70095632954468, 455.92514856590026)
(443.03455017877235, 102.16108828187365, 474.57157757775013)
(439.64878318068077, 100.05872562963609, 487.7736952928354)
(432.3955191195816, 102.37034141022295, 503.05061826918825)
(426.1225890883735, 84.94525495290573, 490.5214465081249)
(415.99906351903667, 72.00799769661053, 484.7092466576089)
(417.91027928564887, 55.44305496868712, 492.4604395141424)
(407.2344603348794, 45.66559648974944, 492.48759853866295)
(406.2979796963082, 31.760537404054656, 504.4224374184863)
(391.6238324571946, 35.09660863398678, 507.6795789802677)
(377.02891070212064, 31.52489799252811, 510.5525044526246)
(358.9176896616277, 31.988196867104357, 507.0903155766207)
(364.0950651829525, 17.790614034725426, 507.35153464923854)
(367.3342222871923, 4.874621925193001, 494.32538685289376)
(356.4751617133219, 0.7653979760976481, 481.1386375968757)
(356.4570871236179, 3.6511884808717587, 454.855275692182)
(342.5598105597783, 7.754308264040111, 438.5955280063514)
(339.945356175398, 26.324504150084806, 419.79931309608094)
(333.02638096184756, 39.40606200922353, 407.51179975209305)
(322.153070003723, 46.20785340145533, 414.8836745614907)
(328.10422882958966, 39.46680366570393, 433.74100040678195)
(310.33499055376774, 40.62413276523203, 437.4516131992404)
(310.27316033399546, 20.227423624780528, 440.5385753158847)
(299.7906733133434, 4.379333114709894, 426.9290153298417)
(307.2522554691785, 1.8963608771391804, 409.77642737479295)
(307.5638929100789, 24.898631443153796, 416.83889602114914)
(297.24818295962814, 45.850811190559945, 392.48049365100167)
(273.06480517069684, 71.15416178707207, 412.1860327148588)
(253.09205103112947, 72.56115451579309, 434.0009757131441)
(243.10122681114592, 70.64701466719126, 466.4973916234237)
(225.33855988607277, 86.00994879994145, 484.25393697901404)
(209.0304929079534, 86.8706665874171, 482.70029805376123)
(211.65909181898357, 78.13002206660491, 499.12190780638895)
(215.8804458975267, 71.04305052175741, 512.4861313170323)
(225.5082298156243, 80.90902756740637, 522.5326623883144)
(239.00507237269903, 70.67353848984526, 529.54736421811)
(246.36469662946564, 74.20548704094409, 510.08774629058917)
(234.45057045748158, 53.74090934643472, 503.02013449362926)
(238.64047257882294, 49.58895976354544, 531.4375763019575)
(256.17230913412124, 47.021617336662494, 529.1945299840431)
(272.85699035632587, 43.01500758032073, 518.5998427714165)
(278.9124486388206, 47.50809997663136, 505.649857716792)
(287.2272612667864, 41.11345369807068, 522.4928679571183)
(297.6019612926499, 57.8930345742879, 505.59356682010434)
(323.16167350910285, 78.85533486224588, 510.9638278483129)
(312.9330023298582, 93.07879745013875, 505.81853549255936)
(304.80192401880004, 105.32812905961686, 521.0031401656092)
(293.03404769965135, 106.66848344596308, 532.820251447777)
(285.3677902833526, 86.32953885225736, 525.8189514754711)
(287.93390392875835, 92.21588387710739, 509.28474067387265)
(272.57013996578314, 104.37051454920015, 507.21360882922977)
(256.964131717053, 104.43498723268185, 509.3256331660666)
(260.1294627102839, 96.83262157021422, 525.1764764400546)
(256.1826377136676, 109.09701326805072, 529.0998871059999)
(251.9355973020474, 127.32740406015446, 525.0105183791262)
(258.49860482509774, 140.65563086294725, 517.0925081158393)
(270.27092759756727, 152.35414961900156, 518.717504360493)
(270.9008626850325, 167.31608545914006, 529.109829534881)
(252.1800699206092, 159.2504645786736, 524.5284398742036)
(246.5674703749723, 156.92409359035608, 504.4884540341807)
(246.53201108787465, 135.14918307932737, 496.4252331093495)
(241.04698963685462, 137.99298053369102, 517.3859458820367)
(238.84392084712692, 117.74951687898383, 515.659023780172)
(225.99298092216358, 117.66221373161756, 504.47516197558696)
(212.94337168864135, 114.85802785110089, 519.108765416811)
(221.29045045770778, 98.69464954413732, 517.2408720407932)
(208.78819584482565, 103.20375598999304, 502.94101675352806)
(191.78449038460033, 82.89891725981879, 497.95096130640457)
(187.2636408668264, 97.9901861740785, 486.0310200844625)
(174.26228659090447, 87.94689082314544, 488.9587881099528)
(167.87477200888662, 107.50273697266255, 486.6247638541379)
(153.49372779227755, 99.6770779840418, 478.84674531931057)
(159.7453591736992, 99.8629395821758, 462.4949495982031)
(162.8333395899147, 110.071996010843, 447.80663533053803)
(163.5737241244571, 127.26141954316267, 452.0455372985632)
(160.48470388035074, 140.11892626597455, 467.32664363407014)
(167.56568253032023, 152.0307759535241, 484.5321845166947)
(186.02494312979363, 154.44269071125964, 486.7256674997062)
(180.03775707093038, 145.9201184797816, 499.41078748609243)
(194.92798309843155, 142.96654401748387, 512.0890572142524)
(200.2645960192252, 130.0587026879228, 518.6667097478147)
(205.63361885937698, 135.76212029216617, 532.6865931316229)
(227.3376121986041, 122.61117679091727, 531.8241566381604)
(233.99370592517522, 150.9288622332951, 532.7919305012683)
(213.36959042515113, 171.15081046883756, 517.8815852024406)
(213.39634525414175, 181.17037387380503, 529.444798176133)
(225.44644993756563, 180.47972496236886, 511.74937628207226)
(226.9827615703633, 190.7100807273705, 502.0214870901369)
(210.80875068911408, 202.03369610795247, 504.921128846284)
(203.28790015995517, 196.98604019710737, 516.0935146928848)
(221.8216354463533, 201.55924555205723, 524.5069851961578)
(234.48055034953498, 191.3066406599383, 532.7857826219824)
(248.1015359302342, 185.0230385837185, 514.7196789363427)
(261.403337546502, 177.17352340310904, 503.94116350616264)
(264.3949032043863, 171.9161869073156, 486.66409522196363)
(259.3257503358373, 172.1112440906405, 467.04313938109783)
(243.9701451608955, 180.40165418234366, 460.72785131121077)
(225.8725766389501, 174.10673747341565, 447.0187369914818)
(218.72027153659852, 201.9432567363832, 471.04161654952395)
(235.18167416089787, 200.92065040672347, 472.04084481306893)
(255.26937957214162, 198.4805974893452, 471.60570528425933)
(268.1652085440264, 197.70100496731584, 463.9591095113859)
(280.32645660245583, 187.89042241849728, 476.5056840898076)
(292.88859861492676, 196.63528796529195, 482.1257558438182)
(301.290212071767, 209.89490728028414, 481.14974190755635)
(296.6382819442411, 235.72634068692483, 493.54813931822594)
(299.823319897178, 235.99327626475676, 508.0977213527625)
(285.33586649198367, 235.57833050457822, 513.6162022729492)
(283.4951321517709, 249.83923180671113, 498.75390798312606)
(263.81917842285395, 230.14875070956376, 503.9243045543675)
(271.47026397505573, 213.39792842543304, 502.19801036292205)
(283.77407998335246, 207.28329923892235, 508.09217098602994)
(282.4256573118781, 175.8163882781757, 502.6841580270942)
(290.2233659181819, 158.34041990415454, 493.82285807203823)
(301.3865773367253, 152.58724473134677, 505.4217799580305)
(288.092319854164, 135.361310470077, 512.8728133379481)
(294.15396404172196, 137.16611442707338, 527.0756111184858)
(299.7333029776198, 157.3517353717182, 529.9750725329881)
(321.6352489525197, 139.26290024662842, 530.9962819926413)
(326.6062885378935, 124.58334707038054, 527.7168328533018)
(322.3851919767042, 111.18961928518533, 515.1956964015219)
(321.83058085366537, 133.48736387110864, 506.9919353274558)
(326.3013241839682, 161.75924640821353, 514.7922727332409)
(309.97507332770454, 174.0667495902245, 505.16643441568556)
(345.47322049532204, 198.58097998764694, 495.5019492923093)
(358.0128410405057, 175.16958761405726, 487.1338027220372)
(338.92191093734334, 165.11505226606798, 469.27247562711847)
(344.7581944172015, 158.70436080410016, 458.2088017417848)
(353.49837901079167, 170.39356183193533, 451.5517379555872)
(358.9027416513775, 146.41508708920708, 459.0491444697871)
(353.4119174597422, 144.45844135176273, 441.845128174401)
(329.5751469573399, 132.72141823155604, 428.1702247680308)
(314.2098601594498, 134.57820772255624, 427.4026621759203)
(311.9241040617833, 118.3690219887909, 433.8431546003709)
(313.7869781883903, 100.49083219377125, 428.10536509271697)
(320.3353083797359, 93.55659577064607, 439.925789529518)
(310.1837340670793, 103.67127187064729, 449.11677638787546)
(296.8117461973388, 106.16927087635342, 435.5757802731402)
(297.5359159566426, 130.4482642570764, 442.0404152177632)
(303.94019968948754, 146.4596804213295, 451.90933399459715)
(320.271337435086, 150.3407441048122, 453.34118481795406)
(326.0429708049422, 163.52784176343283, 462.76525529717105)
(316.4611577897443, 141.04726131600486, 469.7576961872028)
(327.4381177975573, 127.36852766613316, 454.2844117431281)
(325.4247599400803, 96.96716889793055, 462.8067551662891)
(327.738806601905, 79.73410916604779, 447.87485225435194)
(305.3118028197018, 68.15265519070802, 440.70595353056)
(285.3347992268299, 86.6241127371275, 478.568658785588)
(271.3360166644051, 84.33610254260093, 499.5026798803261)
(269.04265475222917, 74.53670394605322, 526.9416984526953)
(270.37102852760023, 21.59064972674585, 512.754953222521)
(261.1075665723155, 10.995398871104067, 520.1973823420952)
(254.13553954536755, 0.5158806421997064, 531.7499987935246)
(231.13873274820347, 14.073487150883967, 527.7439446411772)
(220.12705827840463, 24.716601575558105, 521.7378400894069)
(212.32409014071374, 10.125715914445887, 516.3454037065591)
(202.51746551187665, 2.811210151978216, 526.1704443070471)
(189.3652525109704, 6.722391336353494, 507.3126908114125)
(186.05762669230774, 2.7260804237869696, 489.87911505495106)
(198.44384709848578, 24.722024476297012, 514.4612255302976)
(189.4897421456731, 38.838245772458535, 511.47695386056216)
(188.6093057607428, 40.185872624928344, 525.8263939391773)
(199.4639523930874, 48.7045375408382, 525.4094387600544)
(215.04924433353628, 42.93361552089231, 528.3610111029079)
(207.59769857638744, 63.50524078408265, 528.0935734005792)
(196.6118004238831, 81.54116782591237, 519.3483399019193)
(177.71763547444158, 93.51757379931769, 520.8683322415782)
(159.8176970874769, 97.3658772030846, 516.7297486995578)
(144.09092077412816, 85.94444655200168, 520.5812778760129)
(146.96229118665326, 74.21525589285565, 500.2535592338245)
(147.1481845534004, 108.08103960651411, 496.7197956266392)
(124.39131088032963, 108.78750026882683, 487.64473404730336)
(131.13578193468985, 121.93656837574696, 476.2555363261355)
(136.86420574472308, 141.08932511118155, 467.9835873559074)
(129.754847556396, 156.72335851555596, 475.15472480565097)
(114.22727301869251, 146.2794926660128, 482.67942887778815)
(111.70600230645967, 157.80077116338782, 458.7380786713253)
(108.52608035877537, 174.6775085157633, 459.12610684305434)
(92.60259088850125, 168.51940633375102, 461.0346001741751)
(80.46602571367927, 158.36729616008262, 459.7024062561419)
(83.66568808476742, 144.9330595879044, 469.24173009571314)
(83.78756927673409, 133.49560424001754, 474.8131981438072)
(64.25164862952903, 144.9919837340277, 485.96713134008166)
(75.1354359313519, 153.56851099810504, 503.5373994755355)
(60.96293650362467, 164.63736351638926, 499.1394293350439)
(40.984579900039286, 174.2452235061895, 489.4731294232233)
(40.514807612409385, 193.81242699343986, 486.75325443399015)
(42.58452956059378, 181.19635150476486, 469.745161715117)
(23.44688185364985, 172.20281418681466, 477.71248525278503)
(14.046338852165718, 160.52132771684714, 486.495817479843)
(18.798163995226048, 156.68787402920947, 463.07787643302254)
(23.906290207466153, 143.89850184796217, 465.1764225183655)
(45.15626935085626, 146.39636218291975, 458.65788847906003)
(47.38661312733938, 145.47007730823935, 439.7831449835911)
(59.724987672498344, 125.41246798548516, 457.72250125291345)
(68.35389515072632, 113.1611900344897, 466.586971743291)
(84.31858934307945, 106.62618284020964, 475.26359745097864)
(89.9520115111549, 121.48907393413377, 452.3865942048319)
(116.06772955998068, 109.4231261353144, 432.1284039331573)
(122.37820298470193, 89.91558577487014, 441.98816583469875)
(120.11526966081176, 68.16817125062646, 443.6549401252594)
(108.82184394195215, 63.37398059724703, 449.60705793609077)
(108.26075496147686, 47.570001678020944, 452.9077783245186)
(118.53836026732561, 36.876955019796206, 443.2173276089973)
(108.8445366513166, 24.429616493059637, 453.01756778640595)
(133.3816537004177, 30.187074085233522, 470.08486889871017)
(136.91969364826468, 36.54822998264079, 454.71776438720065)
(154.4944154840639, 40.2578787270434, 457.0018727366899)
(160.9918720022048, 21.589722198004925, 458.9974547682385)
(158.3991346366964, 5.341754645821595, 461.93603851814214)
(140.13176067339617, 3.5099038081442546, 492.1455513184302)
(154.59791830782936, 11.267904118011597, 507.8250456784952)
(167.53708103011584, 0.8110584615058092, 529.0238137871006)
(175.04911702721847, 49.5336455061155, 516.0023456512936)
(174.73126067085914, 46.69767090381932, 498.99595559003205)
(181.43647921028244, 47.39924705592469, 478.88945781152995)
(157.5772712816923, 53.80571049155408, 473.50873644734264)
(160.95705794902665, 65.17475349498397, 460.94233883360357)
(152.67954511260612, 79.43146457382866, 461.2840071891944)
(150.53861437994976, 68.47828779334219, 447.5793088179655)
(126.43390457140808, 44.4010768909206, 426.5434335980342)
(114.76079955319946, 32.958054862151755, 414.70667516753343)
(128.24340107477977, 29.89146010182847, 403.87999223046666)
(148.3767978114726, 58.790836413327, 403.41398313532613)
(144.5361573605997, 66.17232078447294, 393.4242510331069)
(172.31189353747106, 89.54772224877466, 380.56747353009814)
(138.14066802202368, 112.05151248790712, 383.6545753063486)
(138.36461722869797, 124.7058704806257, 377.713867068512)
(130.22013543794387, 138.36572622781412, 373.94094796174574)
(148.6926836729771, 141.8063469770231, 397.35234291123834)
(148.8674859955069, 130.40595090939732, 409.78599266699905)
(148.92442357580398, 152.85431752385247, 416.8193141347539)
(126.57085135949796, 150.5300081992615, 412.8434660210729)
(131.19489194969447, 158.72111392523087, 397.3072883400422)
(141.64890665301348, 188.8143095043454, 409.36060675866395)
(131.94983601261828, 200.43462237253428, 430.8040222759464)
(117.96564298003153, 190.91952180763843, 435.2337287433362)
(114.32832511082042, 205.06580727540958, 441.5642475011732)
(115.87778759756695, 203.00056817981394, 422.9280413292105)
(126.02157841453776, 215.58958278191443, 419.46663020051494)
(125.1240694179579, 226.57652400975022, 435.0130121235072)
(117.08870517367559, 246.59908516619083, 432.6954254176487)
(109.0948094879664, 236.74511452658652, 453.97730474518875)
(106.36003526985994, 245.36370130505807, 470.5902357543191)
(91.31581294321988, 245.49811437583062, 472.4022456725079)
(78.80906029378725, 254.06481225182387, 465.8904622419764)
(86.52273008193146, 271.0588079301071, 473.3781790927499)
(99.09363631972923, 274.32009583121726, 472.5717384439191)
(109.2411212524182, 265.4369944856628, 471.50811688818374)
(111.01790071771222, 266.4469997792537, 453.98398702191395)
(121.75454099488154, 267.3428004455835, 446.04983785989316)
(124.6290953551623, 286.3701278552544, 432.38030104550813)
(127.77687151545025, 275.74446025998895, 416.6300163161165)
(144.26984013227596, 284.0868993245727, 422.6630951995924)
(156.40443439045225, 265.0721921544668, 454.70825015070676)
(159.76206169373813, 243.88778950949552, 461.55827226189916)
(162.60267933234428, 226.1213416182919, 451.8267444608165)
(161.1004451469421, 210.7313901345896, 455.43859917892723)
(162.7312088239679, 195.2785177519255, 451.41884064050714)
(154.734104750279, 181.2542322858679, 459.16196436798)
(169.4199503968061, 177.159096241566, 452.37295747164757)
(173.32058312830455, 184.64355744656476, 465.808226218657)
(167.93143485665553, 193.63392382339373, 491.6732121503702)
(171.64354440107383, 179.87577255161474, 500.5131998547997)
(177.84798299749437, 180.65061691464618, 514.7287961123869)
(195.90180886798657, 178.29110779904983, 509.7109980638225)
(203.5409432400922, 155.6784562604838, 514.1163474862053)
(209.33460171205058, 154.5613457164268, 489.76360196332865)
(223.33655446042795, 167.8855399302746, 486.46542626517845)
(223.12714609278606, 141.8377853324796, 502.68865438591854)
(188.12711416848236, 125.72365479040631, 495.5834792473857)
(173.44525514334407, 118.43717526652165, 513.6193800646301)
(175.8075760797947, 104.8583715391011, 503.0047295216433)
(154.30680866105106, 139.00221265508418, 506.34263113344264)
(138.34217973624925, 166.88410251854668, 520.0857973403765)
(135.91670624493406, 170.72322655804933, 502.906174133497)
(147.5374597930005, 185.60662872544532, 511.22740815134364)
(131.82009833998904, 191.5290895652504, 501.1575598205933)
(139.03417842705247, 187.0562430590414, 480.8056702603608)
(116.68050855298395, 189.84073800689765, 464.4193932257816)
(111.73083105902725, 196.67934389967397, 475.2034359432388)
(105.86612535683454, 183.63956504446088, 479.6264380897263)
(92.55091122607173, 187.25459489098168, 481.6995066663813)
(77.61294676438507, 192.13065406640618, 479.74761482408815)
(80.21009580218963, 211.14114912583238, 476.36070847495944)
(90.64676429075263, 227.71353951794848, 468.55089823168134)
(70.7445734152451, 230.81770818646004, 470.98020806748593)
(55.58044488988184, 231.4987424339997, 467.7384153047061)
(55.12706001086543, 217.60594367978035, 464.0081692715528)
(44.825435521336, 238.61799986565285, 460.38168441820886)
(47.7779353230402, 244.89951496157227, 443.57686170596355)
(29.77504651584728, 234.23415340372534, 443.2811789359162)
(15.61916867252916, 238.5895583305447, 451.9338065063855)
(12.627540091334877, 244.22868123386436, 475.29512357035406)
(13.862385676459589, 267.33804208343633, 488.9413996821828)
(24.006230237063775, 260.5494305158749, 501.3402831993362)
(27.805645988200457, 275.99925301173386, 500.4828130407975)
(28.435128664661192, 266.9522641238749, 516.942995979726)
(32.41415807818348, 254.14958245397696, 530.0948537859197)
(28.665952517858585, 247.15590906779417, 513.4666712197788)
(42.9548847155814, 240.89874155867207, 519.4680598082881)
(32.734720467799235, 231.3953609639495, 531.3714210223416)
(38.585585823894874, 208.43860157319426, 505.1420371187046)
(38.20024427327967, 220.07905513359754, 488.9920405679024)
(23.066263609663128, 226.18993059818843, 496.90370232785233)
(38.676738578977634, 243.10597841527476, 495.5996831847383)
(58.216402906941525, 253.3471684640865, 482.528216833907)
(68.56305457637107, 267.1076386576566, 479.2379790705471)
(55.90816964759588, 263.95039920457936, 468.55247380080397)
(60.172429129254965, 279.20167035962265, 470.30743265405533)
(81.68382426763543, 274.6365529309099, 456.8200191333567)
(109.26441273849635, 283.12129330306556, 480.02953637402703)
(106.52917328262762, 276.0889585948336, 501.8649968440237)
(93.59068675581855, 267.1994861828764, 505.36932301271054)
(103.93904471700782, 254.8554154228448, 503.59239138374517)
(83.2377807476572, 257.11024413514133, 497.8610110758969)
(80.38018567843541, 242.77300941905534, 504.6751738749894)
(64.61248322867169, 249.30185957444363, 499.93710627564315)
(76.63918601469926, 243.4040745617671, 487.012388474451)
(105.13785435366407, 233.96381531024042, 482.427717605514)
(121.24718706115034, 208.2009910167658, 470.39361836495294)
(133.2632413264197, 172.6887891001141, 453.77868529897614)
(127.27655296544543, 151.6811873496826, 448.3108515887526)
(115.15445752932423, 158.2922765337732, 428.4598832541434)
(115.92171881472413, 132.5829494933411, 429.4990634094324)
(138.5054560932123, 128.11182371207153, 449.74557347020175)
(152.3127374908271, 154.95942109093136, 452.19316082362974)
(182.28635318007719, 146.27067028829848, 434.88457086113294)
(184.54045453285823, 161.29055367573247, 422.82096182915257)
(198.97730166565935, 136.0560603504113, 454.9295596889524)
(212.4866230319779, 121.32238775531489, 434.74038981547267)
(198.5628009857825, 119.31163583212845, 428.3484036968006)
(227.58448572294486, 150.56699176184372, 411.54312461916913)
(239.01905763150012, 185.61308681600008, 401.19132809201176)
(240.02355387102492, 201.5075406905355, 393.6072342125937)
(213.5169293177096, 223.23587307769264, 400.0166306831371)
(238.6691796296132, 254.65789329190713, 409.21527935597464)
(241.06586286174132, 275.77415730337975, 429.6759716337019)
(247.87531538448115, 251.6087354075699, 442.2082730773932)
(246.41873409587262, 235.19176709893614, 448.0089293600803)
(249.8364577667075, 216.4070163400208, 430.85634053782934)
(284.0023458870107, 208.16466609554024, 448.5843730531822)
(296.290215593942, 200.4533002583586, 431.0574568922369)
(293.7130572180131, 212.2584844103873, 415.33908878972693)
(306.0291727221868, 196.03651094609492, 403.80134109296927)
(306.2176526337808, 175.03472772414923, 408.3353307819748)
(296.853067397749, 162.57970715595465, 424.0430954198872)
(307.17826974640377, 157.3394596845047, 430.58074511366584)
(262.79994699244844, 157.32254166646715, 434.53371421238194)
(258.68503397041695, 126.06260447343948, 405.72779602344536)
(304.08325406042627, 105.65714515051772, 402.7838283897939)
(308.56938906792175, 138.34573671803497, 370.7427451562036)
(342.8374411246984, 119.18187293117327, 375.6174805799552)
(351.12901722885266, 97.89971350455934, 425.6077418783319)
(349.72535868429225, 65.88144277518538, 415.38314010030723)
(334.2525999019867, 64.99847717694924, 402.4899474825231)
(357.0057022235236, 78.74193561003257, 454.14526654256713)
(351.9334391630772, 88.91069375074251, 468.28086335201544)
(338.91776850284583, 99.50877485440374, 491.00927063769274)
(360.7504535407091, 86.46404645157507, 496.3432320736788)
(364.9312747391022, 106.34565218248387, 498.29470823077367)
(381.40679599721506, 101.34770503115753, 492.1983198169187)
(395.5958198739102, 83.90143305252784, 499.98964502842637)
(401.4201276545555, 86.62431744494364, 510.5451563085745)
(383.0808427804058, 71.0730211977384, 517.6782908257845)
(387.49149707770056, 62.229143996358815, 507.08370758759503)
(388.67301583618706, 59.230736121722806, 492.0074774784572)
(377.2229949550682, 50.37822039375695, 512.672956900844)
(367.02970529147564, 58.62262595830725, 513.8135993909966)
(363.86628816184106, 69.93872267389428, 520.7709320572185)
(358.5535312780698, 67.92877544757181, 506.8997428675299)
(368.9536599109088, 45.19995453850384, 523.0685816083178)
(369.8625495205865, 53.21792739853743, 532.9245544545054)
(390.4116077082847, 55.578641199343416, 521.1191059819014)
(386.3739837527107, 81.16769456830059, 532.4356228004272)
(395.10493631582943, 118.12347334780843, 512.3271095153069)
(377.5306255163415, 128.75450132460597, 498.4259495615073)
(358.1148504491589, 129.55272237165389, 489.542608452076)
(365.0678029102356, 140.22354359478274, 513.6415548432198)
(362.87988105766607, 158.74755677628906, 511.01463833361595)
(386.12858729974204, 150.6863902520066, 503.930331257792)
(375.51532448772525, 150.80362834118566, 478.3755279326259)
(400.8027460601823, 175.98129564001007, 483.1836624802512)
(413.81556582977817, 174.02605951466631, 482.972206365782)
(442.362787721296, 163.58474125170358, 457.8965554564763)
(453.5456718074011, 176.24802889804442, 469.6885144589734)
(457.8316664332538, 187.28783909379638, 477.5778724147546)
(469.5540035936454, 177.15537699500854, 471.22248189160484)
(469.41051922560354, 180.40484162336463, 459.15762610539025)
(465.6308370012591, 168.41195394705966, 455.20351903975654)
(467.1326700859034, 156.71825558970448, 467.23985275204905)
(480.41289617007857, 159.28566720678046, 458.9179357013235)
(493.70790716613135, 168.52237880105025, 458.4070725422474)
(488.5463903051609, 180.02851445958663, 474.91246449955054)
(482.30123381492155, 188.9987044777826, 459.8141179140235)
(489.38108216651216, 203.23453916303262, 461.9326928552057)
(492.7375557168161, 219.37425563598194, 466.41367134382347)
(483.6026417293787, 220.41778659645257, 479.84766069958266)
(477.80144082270385, 227.48612696656357, 467.09909442161836)
(476.36129158676545, 245.52092487436067, 466.7838277596662)
(481.4001117886386, 264.45170299208826, 475.52533011710284)
(496.1345510110744, 264.47697793223233, 474.9441285673522)
(499.4268173305524, 253.1793219417801, 489.5082488391753)
(498.8335137266952, 266.12951223372346, 494.97024415248995)
(488.85688013783397, 292.4180218448722, 487.4292821913833)
(499.9592573807849, 295.76835515540586, 474.3270987958699)
(485.75952734652253, 311.1547610279615, 471.4004561822325)
(481.4913913895444, 319.9184037050929, 456.0311401337845)
(479.0038844166045, 328.67816952578477, 468.22881770437226)
(465.8730658494758, 337.6695494548624, 464.6523653945691)
(464.697479415933, 356.2110182616562, 460.22319988836676)
(467.15789476467006, 383.16180139493594, 473.00701983497174)
(479.01782284268654, 404.85444852593724, 474.1045564265601)
(480.31434015552225, 425.41466683767607, 463.4892723440121)
(452.9851762483231, 419.9029153198313, 463.9191493999433)
(440.6699963024241, 412.5202918640738, 475.8227087413617)
(424.9519148980651, 414.129517820557, 480.77651254625175)
(432.4014178979256, 387.84051730133626, 480.1130163162284)
(433.2174912396446, 377.43223224906757, 492.4617316445312)
(439.7273887752806, 373.91625621775637, 519.0891499861737)
(457.85173134759543, 371.6454037454873, 530.4474450512062)
(473.9103856574526, 370.782320331291, 525.7955251542921)
(469.9311718832102, 391.7143092922347, 528.8115831044427)
(466.02463229733036, 419.91919517950475, 532.7019205311663)
(460.90902018946383, 448.230835394406, 532.6246627456055)
(459.7321642815749, 449.13848019341816, 517.6228309799073)
(491.5969092422939, 432.79963547607963, 503.6283907729162)
(498.72533917933754, 418.4403568647349, 490.1740066371999)
(494.95855162231777, 449.76587447729514, 464.1418690287571)
(472.6061444953334, 491.03915559271786, 485.25937088083344)
(454.03989116365045, 486.4280498398456, 496.6925747492455)
(435.9462508761345, 496.9934521484882, 505.42440914152166)
(439.23229690061663, 486.0341721657142, 517.8159704030378)
(430.8277480450079, 493.2293756146287, 531.6937751773223)
(421.77827368630517, 478.95604335375396, 522.9820389358182)
(456.08059443743025, 499.76662001792494, 531.4426547660961)
(358.3232869816635, 469.8068677551328, 497.1827238032698)
(362.39813118506237, 455.3906233453205, 500.9599551561116)
(339.9562921350209, 442.8743096986072, 509.7018952083098)
(330.44746816403443, 428.8872250643098, 511.7199285596021)
(316.5016212709893, 424.0709710563629, 505.87260554250315)
(342.5050191953949, 415.8286745432989, 501.928329507605)
(328.25540098488193, 393.5373526923014, 512.6673061635548)
(328.413577191189, 379.53528851639106, 513.2965276803586)
(326.5393764278304, 365.0944656714669, 504.2785686610331)
(321.8884490773668, 340.7395701625717, 512.5003982225523)
(306.01426457647426, 348.2403472558019, 516.6016542450487)
(304.9406721764899, 332.2362709075183, 525.1206541812915)
(295.38046852725535, 318.03124965191756, 518.3418845845034)
(281.0123009362245, 315.4892930831863, 509.893041525464)
(272.76771391541644, 329.58631019881926, 511.69910830016465)
(259.0707861092443, 339.86167181374196, 512.579327092028)
(265.8628243328611, 351.43361829573865, 503.05836495972073)
(268.7667848487851, 341.01701485287094, 491.96705514444045)
(278.64374502736626, 323.4546142024256, 491.010181597773)
(282.9433486939897, 330.4446865467964, 466.8557383911939)
(261.4922551008892, 341.9113767197654, 457.163829808239)
(269.9605330956025, 353.84142142126035, 452.566967901608)
(271.7061283227527, 369.4463778919803, 475.986515508338)
(292.2238932943203, 371.8344815193707, 478.01661600389036)
(274.20006495052303, 367.3708370393249, 496.7693444781046)
(282.478834005718, 374.22192550465826, 510.57862947074267)
(298.0249133434322, 370.73483467444066, 520.5035137881605)
(314.52884140436515, 379.0431996338628, 526.2422036069091)
(305.58666638531724, 391.7164258692482, 520.5811132036675)
(318.26292689459535, 401.34477882775764, 524.9059167945395)
(310.0724480695567, 391.00320940199515, 503.7528416497911)
(292.02810029391446, 411.526310317924, 523.4577930103533)
(271.29339609845545, 411.9517659154887, 525.7355483086442)
(257.45797434153735, 412.2530333209977, 523.683272646373)
(258.3901054631957, 394.2479150384624, 524.2357622962936)
(273.9851599295407, 391.5487313920702, 529.3102292936732)
(263.74239356614845, 391.53086960024746, 508.2511022772386)
(254.5215386574482, 377.04595460473143, 512.6623094514338)
(255.566466650551, 365.02747062615816, 502.61410670349096)
(253.618043691887, 358.31488774782173, 531.1892110592534)
(242.87414741772295, 349.74425070794206, 532.4606904207959)
(226.74588514886491, 346.39594425816705, 528.5320904898181)
(212.37175513104933, 340.6574186585643, 528.4807312537114)
(213.38999166476663, 353.40825995627836, 522.0814678970639)
(210.3331444139308, 353.05559429544974, 507.3826832992487)
(224.91090275917347, 352.8307454580529, 502.77414094752817)
(221.49903268844506, 340.10614331694256, 514.8862082098815)
(218.41151263842468, 325.6150902813637, 506.5593612353153)
(219.88445086244195, 309.06972427339707, 507.85170703415906)
(207.36844547088833, 298.1709027323039, 513.094229050184)
(194.4519354329961, 293.30457968691644, 520.4412234299868)
(190.53137821588066, 281.1699126664614, 518.6021417135984)
(174.53294212549625, 274.7973359490522, 517.759775660324)
(182.92428618278984, 291.3643006876037, 499.25655289850295)
(177.67495404858857, 309.92492685338027, 513.9734327161583)
(181.8402719349656, 323.1727037544864, 512.2391286676784)
(171.65392294338355, 323.445818566368, 497.2665874307405)
(184.56749070465955, 335.1056730476005, 495.2210126680313)
(194.57314749783268, 342.46825173770725, 502.8366609877718)
(204.21816082043065, 338.43542840722426, 513.1008826767028)
(195.95673602331865, 359.54957765185515, 508.40805723000864)
(195.12352948336869, 379.0314362823863, 512.2131595491628)
(189.4545447101289, 390.161009741581, 521.6796386264083)
(202.7808016167198, 389.7713287741359, 531.4080082846111)
(213.23055044361223, 381.73393432615785, 518.4203126460081)
(216.47404600003233, 388.33591061187434, 505.7613963166724)
(224.66980978307964, 374.045244356464, 510.21399613120457)
(222.19572981429712, 366.37720876014475, 528.5157664374144)
(197.58486831438827, 370.1462921005772, 526.9321577638586)
(174.8689991992225, 372.324079281011, 524.3258914039799)
(173.67342783914947, 352.7471446148271, 501.8457241983383)
(156.55514272236653, 350.7058236329012, 510.45881904196847)
(160.539788843162, 355.28650150493667, 487.90017114626727)
(145.79207587537078, 365.4640151272862, 487.95050732976085)
(127.53261200216348, 380.06810435588204, 491.26938266502935)
(106.87658344311035, 376.27639485901636, 506.29541683828904)
(103.15551029477199, 394.5898672744965, 503.9541003271976)
(97.0084986487303, 390.37215573911135, 519.5588474044505)
(96.99356873588482, 373.8224514878599, 528.1907145676711)
(75.16776380153811, 380.5271674462707, 512.4650214026315)
(76.38788875399577, 400.2823540772883, 507.3972719389259)
(83.98746071087615, 418.96009754440774, 504.7905510431774)
(74.06931868904604, 420.70131447855704, 522.4944461459497)
(60.0502806937162, 418.607364049241, 514.9317282591113)
(62.36552228581521, 402.81009653002144, 523.9947003468294)
(51.01849010904458, 390.0972372750983, 532.5772740828891)
(29.714504825355924, 370.33639650609143, 519.0222397862514)
(20.13407137437212, 364.6816676115746, 532.9502482621755)
(20.250729534655733, 379.04216282532775, 505.30212392633564)
(34.88938670526947, 374.45704342993025, 500.15976263057155)
(29.404190625066217, 360.20527346448074, 496.6642424904926)
(42.96532136147613, 354.74256054202175, 491.65174808450206)
(18.204378748715165, 346.89241784143366, 501.5373836299096)
(10.07995637564113, 342.9690862339025, 488.4078977647723)
(0.6657124925896762, 337.84473444804735, 477.9953587420273)
(1.0292681712635865, 330.89084200159544, 504.5999604152411)
(18.546546584928713, 324.85448231662303, 499.0809323035298)
(39.54463577524364, 320.74837725944684, 496.2796806901755)
(55.47443046974409, 318.6014289069009, 494.6961843808001)
(53.84290313759282, 306.91408405192465, 514.990473071047)
(39.66603023437526, 316.28061422873344, 519.4200827030181)
(28.62743126564038, 304.01700955058044, 520.1862053968769)
(22.2782861381306, 287.8493597478469, 526.3418729684971)
(41.365677311391956, 281.7710622325145, 530.4793374265759)
(65.8152792920605, 290.8376036718682, 523.3667291586928)
(83.54318128288374, 281.0097401512888, 513.366491625679)
(101.58714789738332, 275.1265807249244, 529.0700742013987)
(109.96823242960801, 261.9199914164824, 531.5922713252389)
(110.02468188499853, 282.50095258044377, 516.727191830457)
(136.34405505042346, 303.10086384871784, 524.0996934506899)
(148.7512544813412, 293.16785232786316, 524.2738631531313)
(164.4809117367226, 302.90146627361395, 532.1747197012668)
(201.49278606576377, 316.14155044462694, 521.2191462925866)
(228.33182594167977, 328.1936804290728, 531.7060307701636)
(243.88953209077968, 330.40768866785817, 519.3946241865133)
(255.69634232530436, 329.80952104746655, 531.3802683798016)
(266.2843733700306, 345.85083409972805, 526.5859509476115)
(277.9914950293909, 348.9530264242908, 518.9718035555163)
(289.57945585252406, 346.9951708079439, 531.502309127213)
(286.02185640032496, 297.4166579720123, 523.6738979090009)
(266.4408310667577, 303.53502139172684, 508.96918887800666)
(250.44680053359664, 303.5286353672664, 500.2155832285284)
(241.99156636865155, 317.57905280192347, 505.9662253287254)
(230.5376363359159, 298.9022993702106, 493.12920561317765)
(216.58901666815595, 287.309174549444, 488.12560806469116)
(217.3711937621325, 289.13309922742445, 503.28380786964175)
(225.40020354892803, 290.70702242575413, 515.1225346667798)
(233.52326872516454, 307.6397556973228, 530.447763401384)
(205.70241270133232, 344.18198325907935, 487.33914105991425)
(211.4894598980468, 363.6375548152881, 489.57632025075355)
(208.3052848896396, 376.2975292446269, 463.72916544704503)
(207.01414169297934, 370.95162744896976, 447.7242696215235)
(211.76009699288255, 359.6408409358679, 435.58954638540763)
(208.38918968745836, 345.94063989256324, 458.02526610237)
(188.24517026322545, 366.4914662557326, 468.0710093779421)
(164.45786383759457, 371.54872295975304, 474.3720221249371)
(166.35691837838485, 383.70468734412356, 465.2785209882729)
(153.09213171422115, 396.3922999649707, 460.33032119827226)
(154.31629307461986, 413.2904246539737, 461.34993035999605)
(169.73835233004374, 414.56203380165556, 461.4859900376224)
(151.74773488421118, 410.2285151348719, 445.718852255084)
(130.09677535161902, 413.80751410786064, 441.34878196833347)
(134.6646791120909, 408.94709100887746, 425.76826605741803)
(128.41654534444208, 401.7515290296964, 407.17563167651315)
(147.0540715217918, 418.39852823295513, 395.40848145603553)
(142.01775840335617, 409.0003633058554, 376.5844549152902)
(122.86143944446792, 431.70931431323044, 377.809147317069)
(131.72624074810878, 448.00767582757885, 367.41902314410305)
(130.91334940786132, 462.76019821878253, 369.2174077890073)
(129.40740016672498, 476.6978088409945, 380.8284855010332)
(136.1273426170449, 495.5051165562054, 365.1137831280754)
(177.6427803069368, 493.215431774539, 396.4202341061646)
(195.06679721635328, 460.76642119713495, 393.5374248533042)
(191.09854244801699, 448.096911499052, 377.46203438345486)
(176.10321532206908, 405.8821133575917, 374.6387078413377)
(186.28034086142003, 382.12251770738646, 387.41977378274225)
(167.71239047828163, 437.4125812136822, 417.5573703837573)
(144.8206123751325, 448.8828365146615, 397.5402688774882)
(126.55301812010549, 476.20817474523227, 417.01033385007577)
(119.74924344715532, 468.20779136854526, 430.8064415564487)
(126.16111764878019, 457.9785445419673, 448.14333000797785)
(106.44005835754133, 459.06614101012514, 461.5978506706465)
(109.11706616199201, 437.4762539332346, 452.3093494189053)
(107.31697357309183, 431.2673747247732, 436.05148456906846)
(96.92605202455069, 422.6806716850129, 443.8279247562501)
(112.81687917513256, 409.9914100558582, 454.2731165145204)
(101.92912716299546, 411.9108856832802, 467.54723037005886)
(79.29940107144579, 395.22695288531173, 473.46276580492486)
(87.75734212594443, 381.82159317680663, 463.1912370773599)
(85.0542468847168, 372.4174039382344, 479.5086103085125)
(89.48999967324679, 385.5264322477979, 492.3039656084064)
(88.81880868963165, 367.0366109275909, 498.99088210791405)
(92.29297028811689, 337.7133322232686, 499.7005545524418)
(95.34311237608067, 326.35240183021943, 511.87254118767805)
(90.39469875543638, 312.7294441909319, 503.4866649509918)
(103.98657421344754, 316.40298282516324, 494.1791149959819)
(120.26765849641185, 317.26889266353976, 487.40509751404187)
(106.48721231501528, 320.78966514812413, 472.6687468694142)
(93.60385521133307, 312.67796957920905, 467.6877346178112)
(88.15754325941877, 328.7401009700965, 477.6033578145939)
(70.38579749876189, 340.9969958335125, 494.2221951574511)
(73.51454154033304, 343.2878010783379, 509.95296128464895)
(76.03362748659414, 328.8624647845817, 504.937204294319)
(75.62279781027436, 306.88794776372356, 509.2109647185974)
(80.43034922467778, 303.80161522135495, 487.04791950811386)
(52.55898279892196, 287.2456991057817, 501.01576998847236)
(40.27509422286452, 294.7983139562899, 476.82708028780394)
(40.83507921316465, 311.15216216184734, 461.7915109385208)
(23.509404548834155, 312.0707264272286, 463.95949839450986)
(10.48273068604566, 301.3310191296846, 466.37427101419513)
(5.957311138589716, 292.5574688987754, 487.55253630328605)
(8.279134483513417, 305.49339907829403, 493.9698076042407)
(7.313361102357585, 301.7035284602433, 530.6901716875234)
(0.8201092075270089, 271.9549997799925, 516.1371404495175)
(10.124909459013566, 261.3896443907117, 522.9935868029548)
(8.829630003424905, 210.18712103358754, 514.4971499491231)
(13.488373865204572, 201.54046843971813, 484.36975266119316)
(29.77868070283224, 184.98521017395464, 506.7119256215814)
(32.360794947524866, 188.38908244233482, 521.2323041392814)
(34.61648880099671, 176.0590721822709, 526.5332098298934)
(49.148782118865256, 182.26213005669757, 513.2856531788591)
(61.66250203027324, 193.6341238225214, 515.0469805134264)
(71.12804947019762, 196.4634126844837, 527.5904859945465)
(65.45369559428066, 212.07386781437532, 531.4586608322525)
(75.10510819870919, 212.0588251941408, 512.618263793357)
(58.77837454060486, 211.4509361287734, 508.15659484758555)
(95.84454199402953, 198.43985074856923, 520.3724107447779)
(91.41269881967091, 180.50400611049477, 515.1246956205724)
(95.50607675504713, 171.40494261109663, 530.743265713133)
(85.22852882185266, 146.95313697577507, 531.219378929728)
(80.01829547293393, 138.34109655798315, 519.9139068501947)
(69.34438481781058, 142.02225033818488, 525.9963578172665)
(61.130726036016604, 153.323991497819, 530.8341705921453)
(78.4673933163878, 120.70011096094868, 523.7072695047093)
(74.19878399777285, 106.2261308008719, 514.8500469354008)
(89.59613409899536, 97.82032743235425, 514.8160526153224)
(103.91030727782375, 107.97341279982875, 502.90973519792175)
(92.76467344443206, 126.19150356789133, 506.4084213659628)
(96.48293587922446, 120.49621034096059, 525.3475693666759)
(111.66246782488825, 115.3352660673772, 528.7732273473367)
(115.75143319102999, 136.74053404999782, 532.7319471404421)
(97.56916058624715, 135.67237148465, 531.8660532687976)
(64.48025019851295, 98.57241514180886, 530.7209397685924)
(70.5984724980216, 75.71582681798489, 518.5727008467308)
(59.2940107527084, 69.30627125217703, 520.0819182923509)
(41.04913153787143, 66.04636908688927, 522.0305960366977)
(29.801924059521813, 65.91618512140384, 531.1040177996792)
(20.28139913843402, 60.675308614664694, 510.9680345008951)
(34.07143528058981, 60.13468567734481, 503.9817919310369)
(42.41627104683443, 49.906439244677195, 516.2099059370139)
(31.504970092608385, 35.55871092646462, 515.9838512487855)
(20.591861283853873, 19.361873585955426, 517.489067294874)
(24.07886922972846, 14.663092125629884, 505.4608256179862)
(16.757709725441273, 24.806775624967024, 497.3659012958522)
(3.8155440674514374, 24.842039643893976, 513.4143176835012)
(22.354580332934194, 1.4456649382298958, 523.1665489190723)
(35.24083314964288, 10.207097391910281, 532.5898922421935)
(38.88346965975708, 5.644025824586951, 515.2350381519636)
(39.38363241914622, 18.937347803196836, 505.19486906284305)
(44.778524125089255, 3.7693267143783515, 495.45996989029385)
(24.08020955261797, 0.7288334889264392, 499.9601312772817)
(63.50469838694073, 0.22616131597774647, 508.59009091828193)
(66.13586653150166, 33.01782358760313, 531.208761203479)
(71.03449339222345, 46.93145171366903, 520.6697876867511)
(60.6745507053571, 44.00931339158215, 508.11162950125475)
(91.35895427015755, 47.44271117976101, 497.92017097463844)
(85.67252084025112, 48.92965970418528, 480.8667386274718)
(82.15778369531357, 65.96464306997035, 478.9721189867795)
(92.89543934948769, 65.70236409761266, 497.0675076719948)
(99.87426763505647, 63.50878896368117, 515.8883118227272)
(110.45918041048091, 60.22435675305243, 506.55630137212165)
(115.72855163723395, 47.82153650854087, 523.74451959836)
(100.45024665527924, 37.455075279858974, 525.9978016460552)
(117.19783414902047, 23.343497982129648, 527.9390923822531)
(101.95065785016143, 0.7789659066402277, 478.097688676674)
(81.05236262218234, 3.8021599399479244, 448.55591192434997)
(48.54902698392327, 19.088983322200658, 451.6380861498445)
(44.193827645284514, 29.974390614139924, 462.97472940571447)
(47.77948542186616, 41.44331607054291, 448.4170467246057)
(51.02161710100517, 61.04344237633169, 450.0002515019048)
(48.761713238368806, 76.60302543539449, 448.447904785192)
(37.68605601464509, 68.36635815153747, 425.1753674835468)
(19.98642498151071, 71.14402996783575, 418.19894520362425)
(6.040511185311126, 81.68439724760135, 428.0852585057435)
(2.7773111925994964, 63.329828852659865, 425.8617831885929)
(7.688946958648691, 46.57103918213817, 430.2111559733594)
(1.9477159462393256, 46.22611355702, 464.1323268945556)
(0.19391169440308165, 53.8276861523721, 476.46761981830184)
(14.279710868130401, 62.58899408079155, 491.2180221891027)
(18.360481496089985, 42.61641846014824, 486.84055542376507)
(52.27016673393181, 40.84349216349498, 476.63914937067847)
(54.19511080694323, 56.000218227974855, 474.81153337606486)
(61.826329136095595, 72.13495125764679, 481.6682780124012)
(45.383192388330215, 103.91438467872305, 458.3532392011101)
(39.33519905394684, 108.11320577552824, 439.1806362872537)
(35.40245579453849, 96.13407011860453, 427.9563493697409)
(40.141841925172116, 114.82766257630183, 423.44574815158467)
(26.32861740782788, 115.14033648203181, 456.6577679659638)
(24.50966518868797, 91.06604572340649, 455.9810512134182)
(2.4119639655506564, 95.72413715232209, 469.17022826737286)
(13.833538258692545, 95.68357260829502, 488.67790950792937)
(22.44930665986089, 111.13894273131991, 493.3398547986825)
(16.980587745142106, 126.41339893373093, 491.2984731177126)
(30.740047648652236, 125.82592597273579, 508.0423759267445)
(43.09255869011369, 119.02602622816832, 514.9556122415443)
(34.16630529309261, 120.39683495123005, 528.3202912958814)
(13.1650474794065, 120.15360478994735, 514.3192964779493)
(5.968623052010402, 124.83124690857345, 524.0572373572261)
(18.71566670973934, 149.56347144936393, 514.8681818301677)
(25.127177061474992, 88.74995471151892, 513.2622235832648)
(4.034286096198492, 125.23846279342804, 427.7757706297846)
(0.9096178900543928, 157.54040309807883, 422.5585283789636)
(1.7768921547317573, 169.33153058531985, 414.7166570867658)
(11.053113678557713, 171.26138017881314, 431.68362934087065)
(30.345233118440063, 177.18771032247764, 443.6367092637623)
(29.00913049582804, 204.03132760232484, 426.12245276175406)
(2.3931243952745596, 198.74251856096413, 417.92313595121215)
(0.2517379029313149, 155.0651537780774, 449.2480476981438)
(50.12140459066911, 146.42864072895307, 404.3377053269413)
(73.82166891269931, 88.5623271961452, 424.2758606392355)
(126.62128781001886, 107.97050639477234, 411.76531306743607)
(124.89487659006954, 108.49801925125414, 393.35296871053004)
(166.91158536181095, 138.22533321895847, 380.29738999704756)
(173.62035143243094, 231.9779356547597, 372.4931931402797)
(138.5599772559888, 236.43170229734116, 377.97118523035675)
(131.11268921618836, 228.80197629219174, 364.0367214042483)
(147.26199527142393, 235.50552858519384, 413.30165412611643)
(182.21062446352755, 242.5378039778942, 439.66184334258816)
(177.24878325101483, 254.4182629454797, 448.660388294535)
(208.5806504877224, 235.31336259516988, 455.0841270493399)
(216.22726294045464, 266.6355536303708, 442.64939863152233)
(200.29542552355383, 276.5804737899847, 423.5170895316007)
(190.6382772940008, 292.683148084886, 437.7125633841108)
(175.70532028517056, 321.40075730373474, 417.8538254551959)
(149.60872497776023, 323.1459204990357, 429.02170586894636)
(148.83447374395897, 329.7699773247001, 405.49477478616546)
(136.1571487811987, 337.50954079152416, 367.62616280473486)
(75.01268115411818, 335.6597209770644, 387.92160843996584)
(80.26622779309045, 330.8544233096458, 413.1881786791131)
(91.0536480612082, 378.70711252105383, 409.6463477241135)
(88.07374548726466, 383.5365337937068, 423.9929634436902)
(71.69473038134467, 378.34903723421576, 443.32275301935147)
(71.4730472288026, 400.91923078308173, 448.5745918982706)
(45.98703273775162, 402.3493613366174, 456.5049758929315)
(22.858862909367172, 410.0351887972408, 458.03276156185365)
(11.422587219586944, 408.1015873392549, 473.8466063252633)
(4.810580614250936, 421.3616688426203, 487.99157551088183)
(16.796838732727803, 436.50358432368625, 494.8849838261154)
(22.77720849040876, 427.725366624544, 505.53186110002724)
(29.005724351017005, 422.074790398963, 519.5674681083772)
(29.568028158547975, 436.55518674682713, 526.4690220046332)
(14.749886501151831, 442.5196030036425, 530.7654115371312)
(4.384221041175806, 434.9590786128693, 521.9594788437868)
(3.822295766803374, 402.1160321784686, 527.6704023000857)
(22.159441311983162, 406.93611038251845, 526.2975078461283)
(20.900310192379646, 399.58346174222874, 505.3523288610941)
(37.08919283294343, 410.8782808108631, 503.6054320581106)
(41.34538324299947, 426.80576266648836, 496.51244452884805)
(49.77694055112652, 443.6401388077022, 492.01112051906307)
(57.09480436675696, 428.5782705215565, 483.9243620124689)
(73.44715641880329, 440.7014988887541, 484.7340730142611)
(91.0557207208132, 442.0670744228436, 494.44836930553896)
(88.20224166475393, 453.3354322147954, 504.92315805758255)
(97.42866830476687, 440.02950936962316, 514.0380899387516)
(95.78909003392394, 451.0027443322547, 528.6993341204843)
(80.2813521188993, 469.550361764024, 518.4774404363247)
(70.99804600036957, 486.3441288099261, 520.0781354516148)
(70.07473196344161, 499.90624402632545, 524.9143833550505)
(52.331103026245884, 492.38107964086026, 527.5516803687408)
(47.89326795388082, 499.91811298741925, 515.25971199483)
(36.16829821298451, 486.35885504007246, 519.086542359912)
(21.88848646038888, 490.2280763017524, 519.9786431967486)
(18.581838611703148, 480.82182530704625, 508.5612797182321)
(3.4483212321976264, 496.797232466287, 509.63640778100853)
(26.426589510253727, 498.1697631639465, 494.5711340392442)
(48.23104866031835, 486.36042422478806, 497.037362656607)
(51.697772727329564, 495.0623749941995, 480.7398585665467)
(56.27030142496026, 479.85639938535826, 478.2297470125418)
(56.974316574478266, 463.761538865158, 483.6142468506525)
(76.34306698572068, 468.09832772451693, 465.7059242261746)
(84.24096639748235, 452.89103925001564, 469.9766176066813)
(83.66928696505433, 439.1965745708669, 457.9915368581027)
(71.5435453226953, 445.2547083988399, 445.6642233695426)
(60.0000456168987, 433.90685894544924, 438.96771963899914)
(37.65809557618077, 426.4574620438534, 410.8685744985404)
(23.989087560645885, 427.053355627129, 434.2039239928513)
(8.23743789030279, 431.8608500162707, 432.7532864279161)
(0.005841327881506153, 416.6279857309429, 438.9496593145558)
(2.2240264412492494, 418.7062889555924, 420.9123413958828)
(10.291608018797305, 439.1511473300512, 412.0245986653016)
(5.6491148449952515, 461.98363698785136, 432.16888035025056)
(7.056806602894817, 450.3938071403548, 441.203035432564)
(1.5416712302721014, 472.6671209533662, 422.8310694541694)
(0.015252335800741701, 483.23553399531556, 441.0878204697333)
(0.5536771382553263, 496.8632713674889, 432.9185414366927)
(18.81913396446483, 497.5053321298928, 420.6918051545849)
(14.253403349141768, 497.57356769073834, 454.78365946491726)
(49.068327414650504, 499.20656974446916, 462.74637352603435)
(60.82616784350409, 479.8378587048652, 444.06371826383355)
(78.50791739971142, 484.7332439853787, 477.65198485738824)
(88.45821145667576, 479.4456121341537, 472.28417181756606)
(91.76364611379894, 475.94136869572304, 487.6572756796986)
(111.27386437835219, 470.1307245085556, 482.0639733416823)
(99.29180780415375, 440.8958632911056, 477.4658578943626)
(128.32952702199856, 440.04041449242766, 464.00727061186427)
(141.98950149379797, 433.6848893532631, 472.9870196512879)
(158.09236617707577, 446.39918073604747, 476.45149461171195)
(165.5918798593692, 463.48248893152123, 467.294002452197)
(170.05395852747662, 458.44791943173055, 453.7171879968066)
(177.2282533568547, 459.4522102624023, 440.4158583364932)
(159.5339044661885, 470.1634713119149, 453.90845538527446)
(156.96971261234432, 476.6587625350999, 466.7083579260769)
(150.2034894058512, 496.99005023679246, 461.93405742562913)
(125.77726628878827, 499.7651946521896, 468.0437655633499)
(106.52254386308479, 491.9653259775417, 446.8630744704251)
(123.59642750415767, 499.5255521409234, 436.14641105887495)
(84.70476988980191, 495.34673093212035, 402.00515203608256)
(89.56949543043436, 460.18712462705537, 385.17043329664483)
(88.13356548013074, 417.63131621101456, 386.5762533700729)
(99.44450900120577, 391.7938220929628, 384.32259021674133)
(110.89095229764906, 387.2633229926336, 454.99807460220165)
(107.7452028964932, 366.1907314937132, 459.2156558698851)
(121.39692266717883, 335.32023665497536, 464.78931803836133)
(136.98167188184556, 331.78462385144053, 470.3762512070561)
(111.80547620183195, 335.0342521877798, 498.3210471636377)
(112.98101847752018, 354.9614149094518, 514.4320231077934)
(76.87667859793385, 353.3735622737332, 524.7570969056155)
(73.64483099502873, 336.7031666710265, 526.2684347973013)
(72.73880947773608, 320.3924834330474, 529.0683725743287)
(54.45889348686056, 326.12726998033946, 528.1527604105689)
(58.28899665312065, 340.0809712469594, 515.6326024024868)
(51.68327039278508, 350.3608300050817, 530.378398065875)
(59.47832718790485, 360.5388862948929, 516.148986067662)
(46.35086515590514, 386.97117372330445, 475.99003935954636)
(45.92814611137347, 374.7997182461566, 439.92395034150616)
(34.52557850657212, 398.3742149169478, 433.15809192046726)
(27.428397955871432, 376.7375031009441, 415.61972423157704)
(0.832335083611524, 367.41618774371204, 427.1436801095633)
(4.067593929792778, 340.5954837524746, 421.56095524501427)
(4.373156219102059, 305.4797378216269, 432.413065294231)
(32.34117000728992, 270.5066326460102, 438.8704567689093)
(45.693359434420266, 294.4157154449657, 454.5781964628774)
(54.448656841588615, 326.6188443987945, 469.59022654710907)
(37.03984688384365, 329.8823658837463, 473.5679424790454)
(8.812614162177157, 385.0350515082116, 490.6298312368633)
(16.136651573662284, 461.71371826995664, 496.4621427562781)
(0.9710265106906424, 463.35322037021143, 477.7623405112229)
(23.135002257432756, 463.37603778388177, 473.09808752401807)
(35.80673403067253, 458.7438401419441, 519.6394396127089)
(47.99470416193186, 450.5516096889917, 527.6899490522)
(62.16960233808033, 464.1114493899128, 526.7908849495702)
(54.63645225061992, 471.29372057497505, 510.1873541963712)
(64.01853339141728, 450.61879285930985, 506.3528367351149)
(61.764145024306714, 432.51637555698875, 530.2471477714387)
(82.96152337273382, 407.13317248363296, 531.0698757411617)
(104.81769138965753, 406.41453243231973, 526.9675384678878)
(100.31933261977399, 421.8997649944093, 518.699146088919)
(122.97713087101975, 449.6553707758212, 531.8077266969377)
(137.7616436854338, 440.1731528859708, 525.8938472560279)
(119.64086747750535, 458.35609195596646, 512.0520297660348)
(101.3097827806595, 483.6834789809781, 530.3762379532443)
(115.45933616417197, 495.71043107635666, 524.9237783391915)
(118.65007020304374, 498.8121080804448, 511.643005875408)
(129.79187868738455, 493.1580987824196, 517.065385298211)
(144.6332157915109, 486.5852932160619, 531.6789044872683)
(153.69762461753706, 476.8190492145695, 523.3229411887438)
(161.25899111277008, 461.35810767150224, 522.6977124532891)
(176.24322297234085, 479.9724676449211, 515.0440696680231)
(192.40269657011655, 478.633925365587, 512.8401290922615)
(195.96305336235216, 486.8411124011392, 497.67995074234517)
(201.11491893785112, 499.32034796034236, 509.54447576214363)
(195.80309281493948, 499.8038712738109, 526.9792798603751)
(217.41916893572787, 492.62055276189295, 529.7661913204986)
(232.57886900282676, 475.9628466996263, 531.6275267753207)
(241.13424725430144, 473.80859482850263, 517.850823915475)
(250.44171420742052, 467.33048032563823, 507.3488421050656)
(237.23225537536936, 483.0844629462816, 506.03254785631987)
(225.36507859576744, 494.5449284598462, 507.8880486132367)
(237.96983229305206, 499.53072699178097, 520.1762666379684)
(253.28188321769545, 499.89201521945927, 519.0011473893252)
(266.109310882086, 491.82008450311537, 531.3507433291762)
(255.72200250581756, 477.11254629481306, 529.5346117139608)
(261.1961573668668, 455.94682621906196, 527.6652035341449)
(277.155379738317, 460.69146784122876, 523.2248362874827)
(281.1358252433664, 469.56017091319535, 509.07503592630167)
(288.02232966143083, 448.7588283921248, 502.12667427779365)
(276.6096166937303, 437.3332409884113, 504.99640705521404)
(274.5409266423337, 423.8122050460623, 510.31205774656064)
(266.7872240601952, 428.1340492462204, 527.7613426900518)
(251.93821989658284, 438.7940504646514, 527.5736810043987)
(239.08571108774885, 440.9739335242468, 512.7144960365711)
(244.33302782889243, 444.69268494093564, 500.872702771578)
(244.2530009966714, 424.04733177841894, 507.81498054010643)
(264.20421992869257, 444.74671185539074, 511.98401376015397)
(240.02415973673519, 455.0938637002364, 525.3703186865496)
(214.6506806895535, 464.7028405082053, 532.6837794978678)
(210.27921451131954, 450.52594528772374, 531.4651252828231)
(193.26406466764735, 448.6984057907503, 523.5866515544468)
(169.86192281583635, 438.3233001605318, 532.2371157592469)
(163.31677910395885, 422.2075332943284, 530.1420644620213)
(179.84521674019993, 420.9695588518549, 525.7560438734462)
(166.60260408512113, 421.28435121350174, 507.3067870059857)
(162.4868273819773, 407.65588251378097, 517.2321146054846)
(146.50130757035123, 411.66364356251506, 500.9547019135743)
(137.6911452044926, 405.9201595356061, 509.2215039609425)
(130.869932606782, 390.6222751507443, 516.7401439158535)
(140.53997386179157, 378.08987963803946, 530.4788122341495)
(158.75744809804536, 391.2261677335277, 494.10680587753745)
(186.1747006320561, 403.6616123179155, 485.0663445894191)
(182.96557907529487, 413.6474336050997, 497.23486213469744)
(194.64783203636338, 396.7425136532037, 505.8266050897618)
(209.40550665414827, 425.117002909921, 488.3424418699309)
(214.39873215132587, 435.9232671034134, 482.07390657949065)
(220.9195745049386, 430.1122179627549, 468.26085586423096)
(201.23277822535763, 430.39781093813724, 468.2367036283695)
(180.30610347052917, 448.1525903142529, 470.1379064308066)
(183.6995219019268, 439.8874672837004, 489.22373566354173)
(179.87942290741543, 462.1374613112413, 500.6749861865338)
(188.2884056897669, 471.7011065980865, 482.30596802976606)
(202.79997041459697, 470.171134615933, 468.82438020783354)
(225.4892957984727, 473.02319375295446, 473.6515400584635)
(243.0060640700234, 462.18615759461767, 468.7128476820297)
(246.5466983800168, 445.220500342932, 469.3676313611139)
(250.94575009722016, 455.4948983791479, 437.2327000554575)
(273.436873142268, 475.23297659917165, 459.0886929230477)
(284.78355677785294, 489.2955307199005, 479.11171125392303)
(282.27041210310404, 499.42860838587757, 468.7492644789278)
(306.9667264280869, 489.62413402638475, 465.6802283311036)
(306.4762769305582, 475.9024126583713, 484.5033168781903)
(321.77706057009533, 470.89388091075483, 480.6492412993664)
(319.21720476158066, 453.96365185054003, 493.2441665821568)
(323.9073765658664, 446.386376659087, 481.103672670939)
(300.05803520409114, 437.45342692955137, 468.4185347650534)
(289.55728298593345, 455.2898927029083, 472.83959672157926)
(278.6568025344864, 458.3141088913054, 481.5004885607185)
(291.2291199237054, 431.04230711627974, 491.48250632891245)
(295.9981910887597, 415.1863568055717, 472.8477169007545)
(297.9525608356765, 415.9046031456247, 441.1784686321277)
(300.667236358396, 431.7424426289407, 440.04917498518193)
(272.32513979526914, 428.9062639306702, 422.4288459753659)
(281.6650593556561, 441.64258762715093, 408.7428312940742)
(298.1410960667496, 457.96700363147323, 418.1237396659286)
(304.5762556931517, 473.9431253714849, 397.2516978888223)
(306.1653252981625, 495.38236492347994, 403.93963498510004)
(279.0631083358773, 479.4810767015243, 377.54107442266843)
(269.4825609594786, 499.30085603354746, 375.41609518682753)
(241.74722691214495, 499.7916146346384, 412.07544778173826)
(255.50431954267088, 490.898975577687, 421.71121672378933)
(251.23198467270885, 494.8355128963631, 448.5152171213113)
(250.389680337477, 497.1985354669813, 498.95635256154026)
(287.34319608625776, 499.61229287695176, 519.3482997061715)
(321.4845181735511, 469.26569234819897, 506.8738457288057)
(291.2288647284568, 444.7275540628748, 530.9818914090124)
(237.79586070057712, 407.63517713089607, 531.436518385264)
(244.75811693103094, 390.79936871776846, 513.3474550992421)
(242.78080025469745, 382.2067262753447, 529.0552809399293)
(274.0643748850777, 391.29235420568557, 486.1481282571283)
(250.25164654083255, 356.2295797939603, 474.6530931246822)
(233.96517965580648, 378.1020804283968, 462.74940158095393)
(247.39460882938934, 394.14862245076677, 446.1090464788736)
(252.75265987912599, 412.4056852782229, 451.9929525623752)
(268.38638213198664, 390.04938833891026, 442.39029962447)
(268.7988085122548, 408.3358058251019, 424.98502293122925)
(306.8233954700321, 406.09632860878594, 406.7722677558384)
(308.3319804053502, 430.173716168941, 397.6101846356987)
(285.42501561304226, 432.46994385660275, 383.0060232436077)
(333.47488751680726, 420.5237016710198, 391.85549099120567)
(343.16704663805194, 430.88355381667964, 376.7314625359004)
(321.7823231831056, 378.1191245947908, 374.5570244227949)
(260.6530048344109, 339.9503351658338, 388.7064954222271)
(265.00150568459554, 301.9310381907372, 414.6823144494442)
(253.01537359263148, 297.65542881320573, 448.43915886606317)
(239.13838847378915, 320.7673537172233, 468.53230185005214)
(241.69007743265158, 331.67154711576575, 456.4511187196754)
(213.76350852512604, 310.09874098339844, 465.0476852801895)
(228.97810807124452, 300.43631535450936, 411.2862063601685)
(229.89611087405055, 286.05308226013216, 393.17005084563056)
(271.9910834384455, 265.2027614564503, 404.66710743329554)
(304.4339545224084, 253.16746683371017, 388.9285517882364)
(336.50751693635976, 203.37611552524777, 409.6042271282056)
(342.1253453033928, 198.85932033761395, 394.14650744133394)
(347.9091639269086, 161.3392360465098, 412.8679734534976)
(398.2642856999382, 197.89150997492456, 398.92293046958383)
(425.76866343828164, 212.1557677219359, 378.4941686114558)
(449.77344762790045, 198.5391801899654, 391.9103456156488)
(481.7383256156707, 184.62384412696292, 397.6578292355846)
(498.52056409151425, 157.4119246138549, 439.85964795035)
(478.3937829938649, 140.06522752437988, 466.29828601426823)
(496.3566850253861, 134.97070790612835, 470.8441341794466)
(497.35961573406433, 152.61563756581603, 482.8859877501942)
(499.50248517252686, 175.62562793093562, 491.6795954533391)
(486.9028616889667, 161.3731375645775, 530.5174901956198)
(470.81704848705436, 140.0333109667805, 513.120833035254)
(490.4598993813108, 124.467737076285, 498.30944086831295)
(497.29631542434095, 106.11762673275565, 492.39270363623666)
(482.93676005997327, 106.33124662480215, 504.4446369198964)
(464.1450345235212, 107.2186066075131, 496.9742995739713)
(458.35378358023837, 118.76552383196903, 477.64043420145407)
(459.236831920837, 133.17110510365993, 468.08194564378357)
(473.52139058007697, 117.84894080078872, 461.2237330737012)
(471.7660725082604, 108.36693333415865, 472.2664532587311)
(479.9893111876966, 94.9896347097125, 466.94972349367026)
(482.5969796592627, 106.99411054320801, 456.5750521856563)
(485.11373947010213, 103.08678796356352, 441.59413378422335)
(497.96697201464394, 110.38792680178756, 441.5228688534005)
(482.79822543370176, 88.96117087592098, 449.49210850134057)
(467.24395501614174, 97.58038898197053, 454.7584677149678)
(466.6583292229222, 80.55183256243038, 457.6963453322444)
(464.38484326082676, 69.19610960649997, 472.5174650077464)
(456.93026945905376, 50.959379617040945, 477.23247538179464)
(459.19642262865153, 40.477107682040156, 469.97708362316183)
(467.9702198842894, 35.03625648578862, 477.3104343875519)
(454.37207000420585, 31.72372354623143, 488.6946737360423)
(438.2638232222442, 29.866485687878143, 490.33788481030166)
(422.7224668492229, 26.931465017711876, 493.4130812668622)
(426.5213542390775, 45.36020199336327, 499.03236704581974)
(436.17192956296884, 41.78831755398038, 509.63888603363193)
(442.8038547205305, 45.39163113057154, 490.798413427137)
(439.36858577936067, 66.67126200301144, 491.63403861599795)
(462.7563530419499, 70.62877238832532, 500.09060113388693)
(473.80246347984394, 59.19689671620437, 500.2726204372518)
(450.8208217254853, 83.43962963669277, 511.5341903791825)
(428.2984963231341, 81.73428179330128, 519.6217663853766)
(443.37149116218484, 106.68494785891718, 529.6781026900464)
(446.1256916702143, 121.28674373418092, 513.5042859648604)
(438.9150742836417, 123.59227497837676, 494.3366810288822)
(423.84360194411045, 133.44996967934242, 501.08982769281147)
(418.8039790913366, 140.33814111954734, 527.8218101831787)
(411.1933178095748, 122.62795621906587, 531.3477631798133)
(403.8394965613059, 110.57414938978383, 480.38641851859256)
(412.6255859566794, 116.61743573282945, 465.1150932053887)
(416.3488324667557, 106.65745043668213, 454.20622467473635)
(430.7051301217284, 106.03324135219877, 436.95487521623386)
(424.1042227890776, 102.37190818898561, 421.8163565498579)
(397.813457290941, 93.07176507026638, 440.3277935111597)
(390.61233154267916, 82.74194816465352, 467.4584010594399)
(411.81891718940506, 48.31520907384507, 456.63899238728834)
(412.8000154054065, 30.16656625916536, 456.76609342574875)
(384.41968060733177, 39.479255437426644, 442.6733407253502)
(372.4133018174538, 49.45366040378762, 448.6186644928446)
(357.18377805061505, 35.124552531229206, 466.29433511458524)
(320.50367364632945, 1.5841747311774457, 455.0441744361421)
(303.2802099190235, 0.8542016295080557, 462.51072574696633)
(316.9847233596151, 10.064545168370021, 497.054855266017)
(289.28941276536443, 1.9836541660693818, 503.3851338802151)
(261.90376264515646, 29.90161677809433, 493.8174146886109)
(263.03652883932125, 2.3918205737764597, 460.331427329197)
(232.08209332496637, 3.8078502598919983, 438.67019885915494)
(182.01919427677475, 35.34957818934298, 416.0448710400183)
(238.0501703770182, 58.75717827441673, 403.83195796539144)
(274.18513543675704, 119.07381050550897, 462.41378731443973)
(254.088243617128, 121.4405877211558, 474.60132416520213)
(272.3668345472746, 128.7867346037218, 499.21425382757343)
(281.3235608013891, 149.6956028295345, 478.3944720424263)
(264.93835221230677, 210.46684505863556, 479.9130979441121)
(293.3880353475073, 240.98795955664298, 472.66169699786576)
(293.938863620775, 235.9822340964408, 449.15816163224423)
(329.8966945095007, 202.58628113253502, 461.0058540800864)
(354.93077683329915, 230.70619234841922, 487.63686748366337)
(362.73059066304154, 230.11986371326236, 510.21346337794165)
(363.00940418226094, 245.64098097642278, 514.8315180417509)
(358.1002924387758, 257.07109365877096, 524.6841706360968)
(339.69578866606054, 263.5914293757951, 513.6762754229053)
(327.76754683355955, 254.6371105994466, 502.2291446278755)
(336.6825063053839, 235.82299301108978, 504.4840734432788)
(345.4660635137969, 224.24001669106153, 511.78321362383633)
(365.80432027497625, 225.1827062230758, 531.0798340964961)
(378.98401241565995, 219.68878894189575, 510.2072424829213)
(399.75166914161593, 216.8443718918145, 512.7972066356058)
(369.32548543095953, 192.5936137597084, 530.8562194121866)
(336.7317022949511, 252.7385006609303, 530.7276526651559)
(326.22327249731416, 275.7822992688461, 521.1561337902108)
(357.9724277006331, 298.8802499666803, 531.962647452427)
(370.4925004465794, 280.7118087656249, 532.7946699443709)
(386.0958205071005, 274.815596371274, 522.09763076018)
(385.0454461679891, 263.15013705127285, 530.8777624318734)
(379.62918246282777, 265.91127343813434, 511.85728132117845)
(364.1723749415083, 293.07357551700375, 498.79646489925165)
(350.68598371076246, 276.6828473831828, 484.19845577933904)
(338.8691542988676, 326.2254117070003, 495.471706718172)
(344.8535905698225, 339.6793174016623, 503.8062792387355)
(360.41546649414175, 337.74072368806384, 498.9576203428194)
(366.9341419632478, 328.7613377310362, 510.1847315267279)
(388.1594104416186, 331.6005462844777, 500.3097383384671)
(408.1208279731723, 345.1666677846312, 507.32074693001175)
(422.92362515440385, 326.5793674096442, 502.6372107332932)
(438.132232946288, 337.63486572742426, 497.798307942139)
(432.57836169109896, 341.57197294243014, 479.66543779351537)
(410.95686864901245, 344.9252397604569, 482.21853852707375)
(423.98113602023926, 318.11570858335466, 481.37150815686937)
(440.3654108313873, 315.35404764901733, 476.6967417063424)
(455.8589234830914, 308.1003390416967, 474.2912252877902)
(459.37979717309065, 319.20813734241057, 465.96918137968214)
(447.143973040535, 326.3548160402469, 462.52805375953824)
(451.59338897058495, 307.51733754095255, 457.37112662244687)
(467.29754913205056, 300.64423537514296, 452.1873398670956)
(483.5648860953239, 287.6547215991131, 451.9126265797194)
(479.8848760252463, 289.1461366145768, 436.72636608580586)
(469.92830364368825, 277.533455555024, 450.8106107615502)
(467.19056800881344, 261.9244649110616, 455.47661155768753)
(456.64016562921245, 273.57909951215845, 467.14769901933886)
(452.0445853096931, 288.62375571319575, 466.1448447769126)
(444.4402426467082, 278.0075934666379, 457.43083070363025)
(415.7109148185243, 282.26055401550167, 460.4983836568696)
(412.9383327858243, 299.790228676457, 462.33162061248896)
(424.3271129547022, 292.3496650771327, 487.12420862697974)
(437.4954595093468, 297.2334161323733, 480.7402202343684)
(427.5650228108174, 303.79321917516336, 498.42237735796914)
(420.2648443519439, 302.90143398459304, 528.543338057673)
(404.78899608775265, 309.25767200438827, 529.1170245358832)
(385.7612480262663, 304.0717288236565, 530.4956189165121)
(334.045370551327, 319.34457491260963, 531.3954497873962)
(322.20106924967786, 324.8896345363172, 490.0381734083711)
(371.06102565672575, 326.12334239552536, 468.7581095910923)
(373.12947094348556, 337.7882736529912, 479.9258360455186)
(389.77856089764794, 373.41178008677383, 485.1858699244183)
(357.7258757986426, 386.9883019334508, 476.642579152008)
(343.12609084839397, 388.49445828096844, 517.6146543163538)
(405.42993281783095, 408.92120313788695, 428.36193862541836)
(409.26488819425975, 406.074343487678, 414.535851082028)
(390.6576336606271, 394.73484017654454, 396.117654696363)
(418.32717611361267, 432.40830894946646, 408.13100938292695)
(443.9206817326772, 405.33510286760253, 417.08553184250627)
(448.2454817866442, 393.46731729021235, 456.32292817209503)
(498.837558460271, 365.1381106550732, 453.61077017008427)
(495.55423314032976, 353.0295035065876, 458.9170105596774)
(495.7218056490526, 338.847565879481, 467.9608039494916)
(488.7566152377724, 348.13648458531844, 479.2287047108719)
(487.1214497998257, 344.4189891466654, 494.0395331617917)
(472.26779893740223, 330.88776773134884, 493.3568846778003)
(453.56304789736737, 325.36175387375243, 494.6104201369018)
(444.72097802827454, 340.78335296621736, 516.559247530512)
(465.59591375157623, 350.7204097149719, 506.399133026154)
(486.6000052610496, 331.69842170227275, 525.5848108891701)
(495.50843979370063, 312.09743937630583, 530.1840134264942)
(473.5647306545784, 316.1698586297747, 516.8663232394545)
(461.18108638477014, 306.8850095958158, 515.4905132113677)
(470.11531315841745, 292.43331082885857, 481.2304981215508)
(494.7040051081473, 315.93941997474406, 492.0634272120702)
(499.1330666503876, 294.61966587196207, 502.4558564614397)
(499.34293429491754, 234.59274690144028, 493.4867230767833)
(495.4893398261533, 236.98678862609168, 479.808156189642)
(498.7030451426127, 224.4075183015767, 481.58614856466585)
(464.1693196441837, 198.72801087680864, 466.33217959599926)
(445.1425948191779, 191.9313038800118, 461.66939182591767)
(436.76584183353975, 224.68001040105062, 446.3848357578106)
(395.8153096811716, 241.38213042012558, 444.6458203730807)
(404.80400791684923, 260.61826829424314, 425.07858316110264)
(396.19589814858847, 253.15976661339718, 391.80491858942077)
(447.82673122275486, 273.84785401606445, 408.8860464501772)
(456.20694303391997, 290.0271725512735, 403.19779085059577)
(461.25560005931106, 254.66785914834327, 413.0309251734627)
(417.12247039696075, 305.4576435302504, 429.41663311552264)
(498.7005601117376, 375.376741361065, 433.0066974315983)
(499.99621562726674, 361.7406908634363, 483.38615035657057)
(437.22514769547337, 179.87386621653266, 518.5507439140237)
(491.70898799700086, 116.59079616037509, 526.0575469084957)
(492.6057646541094, 83.17296877333713, 473.7676645517456)
(493.14357967356307, 65.84621208026181, 450.37112607560414)
(469.3799635191548, 58.295844969319724, 453.5382385131702)
(445.98986141202494, 56.048626399123, 468.7101420304251)
(459.14408188309085, 93.21333470771503, 471.58706229930954)
(464.2272109905785, 24.992410389782947, 514.9239498338585)
(473.99252339128657, 7.010828896453658, 493.59029511612727)
(438.36012214719494, 11.254483818728179, 496.45974635263724)
(437.8951830974329, 4.838099480526492, 484.13988670151645)
(418.21793825697443, 3.5197405954981997, 490.3829035727869)
(387.00856703614005, 5.70784315371331, 505.85600933106707)
(373.3215428620363, 6.203406617607432, 520.7988793717669)
(424.0117499065427, 17.939061408642154, 527.1382687719705)
(424.4394996237995, 31.861548471861624, 525.3641334132712)
(494.25290785776815, 2.3450572193123853, 527.909932180501)
(357.42628655120956, 122.7753976477836, 526.1479615246968)
(406.1381272804129, 146.30031224558056, 437.4674423369113)
(275.6843259672693, 198.49053536812167, 375.0800774897086)
(184.7635850149613, 216.19875268157296, 434.60334779645314)
(159.55154530530785, 224.1811664089676, 470.8712980692944)
(143.90114711827434, 239.97806638290814, 486.8755602354447)
(149.16038370992652, 255.6405374309848, 487.4381268109812)
(142.01654003616682, 248.21284871051142, 501.367966073886)
(135.33937358168058, 254.68822115258106, 512.170865767277)
(143.13782114470519, 264.67104385654005, 502.70564498194267)
(148.62136646520463, 274.93414033675793, 481.90807796947865)
(141.74174127608424, 231.93059676042466, 507.2587234037)
(123.46121485170814, 209.55383767154606, 523.0551925202416)
(158.71556547047444, 182.95683239048316, 532.74524273012)
(173.04176860700395, 170.66417401758537, 532.0436080530023)
(171.6041823765387, 209.3622406250684, 506.6679650969462)
(180.7086660279993, 221.78499727379153, 499.9104114438498)
(198.39396372395834, 225.65163033411113, 496.7746854743039)
(217.2760932797485, 223.74374811693588, 497.44938206204006)
(220.88580565630812, 220.04144226543949, 510.93818341362)
(196.20861187488416, 221.47890618408795, 522.176118048127)
(199.72072146092574, 241.32986686234025, 530.5750902786257)
(171.38361973853495, 252.8043670326044, 532.219123735413)
(125.49533427922444, 317.11986339717623, 527.227300495427)
(93.21413521616245, 313.91156893259756, 526.9809007651646)
(66.34298383167203, 252.2713602093052, 531.348154882676)
(87.81270744449799, 238.17344102852755, 520.2373544621036)
(82.20056677144034, 216.9224763277411, 448.06926907212073)
(53.587513760504635, 242.05217692568948, 422.3394399269936)
(96.39079903835434, 257.9315974887357, 395.0876733661518)
(106.99514014649591, 270.81871671863837, 426.69554713272606)
(3.5355737530498033, 398.4364604432174, 405.9899447455483)
(32.645766082318175, 499.29750091223406, 530.042984783574)
(158.9249862889973, 495.6153706499823, 521.1292693862611)
(198.73349380904304, 476.7843784023724, 532.3733434464376)
(209.95050442501568, 464.35861058806347, 504.1798114220269)
(212.36383303098245, 445.33235094189115, 501.97228337794235)
(196.75957988506843, 496.8459349854272, 449.57095725868487)
(204.18876278401567, 497.2631217109107, 424.3870538310755)
(150.59125202693292, 449.36647129361864, 455.0618123636395)
(298.1886427778271, 306.90931011653316, 442.8541309008559)
(296.248247246896, 241.051149623145, 532.9704591391037)
(190.72578601276595, 55.037420356261414, 510.50416498768317)
(347.3309404303654, 487.53484556384427, 389.4944026480253)
