(274.48736676372744, 499.6826705151659, 300.4310543769051)
(274.48736676372744, 499.6826705151659, 300.4310543769051)
(269.16587129863274, 499.6896493362658, 309.8372921958906)
(277.74589788365523, 492.0651243959229, 307.7847839414783)
(290.3025993453712, 491.9503575014919, 316.7533101420452)
(298.8078600504078, 498.7655652320634, 320.4338758849782)
(301.0002025261254, 485.6815137574404, 317.49195476794443)
(309.22137721400105, 487.2900380680255, 323.88056491569745)
(315.02197728294703, 477.46017353457705, 321.48940330221336)
(317.4826380062673, 468.8237923822878, 328.94568239369454)
(307.5822468837034, 466.1266047518315, 321.13662228262905)
(309.58219387000014, 453.4149377991235, 324.20310860096)
(314.7327451679179, 443.374289136306, 325.578237652947)
(320.6877437784641, 434.7148549629011, 322.4042613564352)
(312.3982084781143, 429.87178370917553, 318.4738809569057)
(306.4495555628561, 439.1577912187757, 314.7170287307466)
(304.9768271250098, 431.2300923341894, 308.5835744885359)
(296.7859166650605, 433.80176381336986, 314.261669945032)
(292.3228320153371, 424.53708317504856, 314.4077850446844)
(284.9876815194483, 430.75127650143077, 310.7980697325952)
(280.5843366657282, 421.3783256384845, 313.2611279997008)
(270.8934811965627, 418.82788582889725, 319.1633272158267)
(273.2766364550936, 430.9234794163311, 320.7370748999111)
(272.63942714271025, 430.9233927747556, 314.4358853038507)
(269.12632308305695, 440.0747724117847, 318.67642679207927)
(262.18814862047105, 432.8739030331824, 316.1949911363818)
(254.90918639277004, 423.0156879049775, 318.56952943242237)
(242.55272998366533, 415.92944410703177, 318.2303871451875)
(243.72284863918836, 399.3404306615508, 314.73511678072873)
(251.2251519335932, 392.9905472194435, 316.74882734954076)
(262.49714497728974, 385.9797789482225, 319.61999587857053)
(270.9085387062254, 385.9536525695215, 324.7774875368565)
(275.1270363840465, 378.90988577424827, 318.3522829276941)
(283.9569678757955, 386.22856107808025, 314.00161399388406)
(290.11947342458876, 378.2296485924802, 322.0356929063805)
(298.9058551950928, 386.0618468850241, 316.7882257480672)
(293.19035424468325, 394.80050666424177, 319.09683981956346)
(302.8196549100295, 401.26392034179116, 310.50718599480143)
(297.53303300507974, 408.3886613892726, 315.5616661191422)
(305.3592805418727, 420.44571454076413, 313.0364054482242)
(312.1244697882409, 411.806697185318, 318.9147426741024)
(319.0276680894134, 418.99624931785894, 328.92705594700175)
(328.21152827371674, 418.94340131818416, 334.07702224852426)
(329.3751274696396, 430.8052132252885, 330.4975577018961)
(339.6936574488007, 422.9238432623968, 331.0202538023584)
(348.03303276033887, 418.93745297615766, 336.0841264288859)
(341.81322193984545, 410.45901517910767, 340.7088316627687)
(352.8997778426057, 406.009038710644, 346.7436812926367)
(351.3661987784415, 394.6135286897136, 346.37415855549744)
(350.91044606653924, 380.7786322690429, 337.7586648608189)
(361.82982138601125, 381.5326664897467, 345.1990674194909)
(366.74414105648503, 382.6048914763166, 353.8648349746942)
(362.37597656721374, 373.31292267421657, 353.75153133874403)
(359.1589337669142, 367.8516937765733, 344.2610447166992)
(347.2846706116321, 365.4872808760185, 344.20961977635136)
(353.97572737096544, 356.10328799058715, 343.45717193150904)
(352.1150894435416, 336.8630724709754, 344.84293446676327)
(342.69463665378214, 333.68804933495596, 335.38775957153615)
(348.4236065813692, 324.97452447631736, 334.7322392996226)
(336.81263243197606, 317.69571022757964, 333.1593748128792)
(343.9694661582305, 310.9763667479114, 328.7195007759225)
(334.4454534130726, 306.41132972053657, 333.4700766364928)
(331.3930909443722, 297.12467660992337, 339.7746830751928)
(341.8059946271148, 300.51438366375794, 342.53210119405304)
(350.88741442576423, 294.3618682011132, 335.92141410698207)
(341.18924562368625, 286.99078528792035, 337.5385156736581)
(345.8483010800303, 284.13637252927896, 346.45786328038486)
(356.4813001295136, 286.5171722844109, 346.8671679239968)
(366.543349044847, 281.49827328947913, 352.90231140410685)
(355.3395038111561, 272.20972836520235, 351.14052627435944)
(351.21057341932755, 272.15476870672455, 348.6175559599365)
(359.61432246742544, 263.285396292244, 342.98065883673894)
(346.01924585285224, 256.95008529575887, 346.9252438279185)
(339.5444824541707, 247.1204449630981, 342.32749553687614)
(344.39894858521615, 237.20936741114625, 346.1964817604043)
(350.8589604690196, 229.1889623068517, 349.74735316180124)
(350.87373854289933, 219.62113177675906, 345.3624582763777)
(340.1153959979299, 214.85265056891456, 343.1951622393652)
(329.78626350638666, 214.21151492112716, 337.3886469334578)
(323.5756342045294, 226.2247418558742, 340.1263613896838)
(332.6791402005073, 232.63631761870386, 342.01785072182)
(324.56834879213704, 239.80251752308956, 343.7289440220966)
(319.419158603079, 248.4223530421548, 340.6533711984646)
(310.40953918172676, 241.4074163252748, 330.12593351448373)
(303.28316187853284, 253.41360275942088, 332.4542710758893)
(296.36071781823966, 243.88117331658515, 337.0603378674759)
(290.0567625898011, 237.1880116186767, 349.2717891161694)
(287.7769453923336, 225.68512546273428, 343.201618323944)
(302.2264031162581, 224.3272401609297, 346.65563349489014)
(311.15584923946585, 220.65571984556632, 342.85345526893667)
(316.11926430388263, 219.07442347944718, 333.4020147418921)
(314.5335230939603, 209.76528599267436, 342.7255474064049)
(327.38494871878316, 202.63074987027696, 344.9967261363531)
(322.3761077700299, 196.97863765041063, 353.3232390650679)
(312.17299177371086, 196.02379086651922, 349.82685513604906)
(313.1608839651421, 185.4314194770802, 353.8755330896703)
(305.2187641084665, 185.47141835730545, 350.9808216215783)
(303.99254068643603, 187.2762380601269, 340.5816084927671)
(293.3591646279864, 197.8797411785181, 345.8853000515044)
(295.10576335517294, 189.60487576948015, 354.70527228611917)
(278.11964515640665, 181.01735356605647, 358.15826785238255)
(273.87622682497533, 176.49005822388614, 369.36264158552)
(262.1409522237056, 173.3288129235423, 371.9157085941566)
(254.75599396705334, 180.4944520896174, 369.6465755130026)
(255.6085880787139, 190.7778906614153, 363.56956064430864)
(251.90657500165486, 198.71353641088552, 368.82031415386666)
(261.89121852354856, 198.05984183416115, 369.2477339940968)
(260.5640200717446, 204.9402942037693, 360.5927931379625)
(267.73303981372163, 211.09706698520637, 354.5169669235428)
(258.25542170521356, 221.59568491964444, 354.49142428196643)
(252.68005055662874, 221.566382522771, 358.6232949072602)
(252.35874827176806, 235.0470749482902, 358.24766325153)
(250.88342993733553, 235.0523452818189, 352.5758266315984)
(242.77976845244493, 227.9847629691112, 350.48084838058804)
(241.4234828373344, 241.4808912654074, 351.81056548398357)
(252.0805405309268, 247.2925713665252, 354.3154482177955)
(250.06096863862894, 261.742386035607, 350.1123320136929)
(240.88963592250434, 267.48968112464536, 344.6132457915504)
(228.28018967115366, 267.2069613255654, 338.94514134742013)
(227.76619127766708, 279.611630417812, 335.9713633903644)
(220.00737993554205, 274.49939721024316, 331.2768310239915)
(213.24481316768012, 263.89933415164097, 331.20833302088823)
(209.373311218546, 256.238593840534, 340.97006237524073)
(219.96627490961006, 250.88752019083776, 338.6575883691723)
(230.00577310937803, 247.15396069545676, 346.4435569708093)
(226.55538160705035, 237.27139614477366, 344.9365002597897)
(218.4304340433308, 229.44200981431072, 344.18335182961135)
(206.8844067982551, 221.5454345850467, 344.85374115356905)
(207.03846350361349, 213.0022092203484, 356.1215627380357)
(196.79517746662262, 213.69244208860854, 351.51310749989835)
(189.936103201716, 206.33193762983205, 351.3025663093394)
(191.85566549872135, 206.33031049735285, 345.21091169014477)
(201.82857777093173, 199.95237881011013, 352.5531955481121)
(192.06597969796746, 194.31850484356133, 356.274581247502)
(186.99460184742995, 192.353762782904, 345.6512576685944)
(190.30123113452063, 181.2573487223313, 354.43711515688176)
(200.28049140946874, 184.00155737928554, 354.8141200479155)
(208.44732009840033, 188.11480984935758, 365.00159170517503)
(213.29449982319855, 188.1723633449785, 359.0059541689991)
(225.20918720452104, 194.4573574096453, 365.51806737297056)
(229.64023764831452, 201.6174716700082, 355.8938356260434)
(219.49663643610683, 201.51580129555495, 353.45589461521405)
(217.48732662195613, 217.42385134900715, 356.05980198715076)
(229.39640942222854, 220.2410228607788, 352.7043654156137)
(236.6381068167916, 208.27309037318415, 360.96359709618804)
(237.90646463400012, 194.67256459301225, 360.7663757150376)
(246.04363394524242, 189.53537521581842, 371.2733039674168)
(228.75942633637518, 182.36131518963782, 369.7319706943777)
(223.10898217730778, 172.46504676778923, 373.65345939470535)
(223.637705766931, 161.28730406024567, 376.16437486306035)
(233.3741568591059, 158.95100158589486, 379.5600467493948)
(238.5394570462427, 148.97289584898766, 377.31291067482255)
(226.67981132502712, 146.95037793987404, 380.77670697120817)
(229.83481576105208, 136.47087677277008, 385.0152059961593)
(237.7227592214952, 134.9390237624789, 377.7480989272744)
(244.58383328891532, 139.7024907199261, 385.1711775327389)
(251.52484560649063, 147.79157593307357, 379.3178012537543)
(254.62672532403468, 157.1592960640403, 372.17937729573447)
(247.21784815296243, 168.1380606862008, 371.60105887860396)
(245.11910631274304, 162.7403981799303, 380.0680734936344)
(237.56900418408566, 164.91455972301029, 369.77285358809445)
(216.54090577453132, 167.4032808930776, 365.4631081199536)
(199.67407709335384, 176.44331214648068, 367.3250968012063)
(190.35756594980063, 170.85433064784027, 363.7232351466783)
(186.33862584213045, 160.32302250748492, 358.918782185351)
(188.65467709715773, 155.15955821449796, 369.45044113188095)
(198.67972722172112, 161.38008787202568, 371.6106845805392)
(203.85266544275444, 148.18668247722883, 372.2648723564476)
(192.29888442232053, 144.1574022603351, 375.4887877404076)
(192.36466406653102, 132.48544896511234, 371.45473483304545)
(179.86819641466022, 131.83443965630238, 369.3017177078639)
(174.73590005059214, 142.01880724958949, 373.26220411689684)
(161.55679176884925, 144.2691940832493, 373.67791401444765)
(162.92714758815512, 149.694495927831, 362.5281736517143)
(167.48680350985657, 159.4092416618501, 365.33959360252715)
(173.18597937157782, 159.38864286597726, 359.19924847437653)
(171.67685262905223, 168.91389906054283, 362.30861026204036)
(172.6552449547139, 180.01309712898765, 356.34751796240175)
(170.68953067707832, 181.7759866089556, 366.07977639468186)
(160.66806160722246, 183.30355420829608, 364.35148108328946)
(151.29171639287154, 192.88434953042528, 367.83170170648015)
(144.9980449758973, 189.60950703749842, 377.2961559136435)
(140.08764249337526, 179.1870650598231, 373.6922220735706)
(136.39552195925097, 169.8256684608471, 377.3277892901944)
(131.39024243732032, 169.8079830389123, 379.58275555734883)
(136.1730360154385, 179.2423687075655, 383.89596808361165)
(124.54361180949708, 170.80581994288985, 390.2516366718311)
(116.96871495613198, 180.14511158524033, 385.68083885699104)
(121.77762750977344, 192.72806505371258, 387.4812163190012)
(112.85741429114915, 201.49296270336075, 391.5422622475831)
(115.72852967250913, 211.01798721984449, 386.7330735185291)
(114.10493259607607, 221.09539602572548, 384.8654815075697)
(127.63371486674768, 229.43473194494052, 384.00609941683183)
(124.843840729291, 235.13766902803758, 376.19645813441565)
(134.70936910226632, 234.65160476718256, 370.13789126719075)
(137.26733049548722, 244.963768042113, 367.33851001066876)
(130.17564641734785, 249.1008759272612, 376.04631480135646)
(116.19821557323922, 247.73858795690435, 380.9970730411986)
(105.37545498837237, 246.79059037448948, 380.43841913930675)
(100.00746819717843, 236.72563384659196, 382.55473078240533)
(100.0151243953828, 229.37784015371503, 392.1016375896747)
(87.21113011875093, 238.9620555749954, 388.94872142193947)
(82.82970381675952, 228.1797094248176, 395.3505061706397)
(76.6495116608098, 220.5955284639391, 392.4432495143287)
(72.49077422318939, 225.2082170083155, 402.5116486131774)
(66.07849251901332, 215.77873674022197, 399.97419652498314)
(60.83064358878465, 226.76262936360365, 399.8973216644255)
(54.311454293840654, 221.23230775325376, 406.45265660442783)
(57.9505046782392, 211.31747567638143, 409.35345038216576)
(49.65681342882111, 205.73153877887395, 412.65259736337777)
(54.65445822644971, 197.0918152594358, 410.19147761683473)
(44.5229730206192, 195.84816278260377, 412.1178959464461)
(34.74756295991971, 202.55718398775417, 416.30011065030004)
(22.80715360641894, 210.7543794690273, 415.7903785681318)
(19.13423093090816, 218.88359735964642, 423.02275539705)
(7.332185172064576, 220.27512347192513, 425.59583306513684)
(11.18337249796414, 203.47251541819833, 420.26374220833844)
(19.264832268367282, 197.11908614643704, 414.7122279871158)
(11.627113320561211, 190.97546438752215, 417.7172154482045)
(6.735146086994492, 177.0125415077491, 419.9561527814411)
(20.81687878164995, 173.3519825375054, 423.51910643681634)
(28.13971435265683, 179.37118061284306, 419.03416418773116)
(25.550351494415203, 162.15210694284877, 419.8449196042151)
(38.87016561118389, 164.2924265579333, 418.79255114671594)
(37.389748812694855, 152.7794123763851, 421.2122236085716)
(43.62244014474148, 153.0728888148913, 410.996008317165)
(43.88263724800884, 140.97658556997905, 415.4862248271014)
(33.73724399350303, 129.17792491047763, 415.55818816864996)
(21.501333163688297, 132.94839880125997, 419.62731017345214)
(25.17397639247504, 144.12268797160954, 418.014580394591)
(9.044681932413368, 142.0153918751297, 421.1433823931856)
(9.555271407130917, 115.14223400853446, 425.55023786795783)
(23.184198673452116, 117.77379754821565, 422.5974279121925)
(27.024863113471188, 105.58784109556807, 418.1904383214736)
(29.230989736905578, 100.75517589053578, 428.7130717843793)
(39.12776696892289, 113.24780928770423, 423.9645703326843)
(45.64975840440039, 117.18613559143243, 414.9753332201325)
(56.666076331738594, 122.90148456890992, 417.24185424731434)
(62.46030963907961, 123.68685808255786, 407.8663934172243)
(75.8083577609921, 122.44517322252003, 405.4574954031668)
(73.502858867252, 128.1557852074451, 416.5210084850084)
(71.44966102292189, 117.25904524246577, 417.4431264664932)
(72.53877156457649, 110.13499401646881, 410.26490299840276)
(79.15440912273009, 101.3273828641178, 406.69865432797104)
(68.20385897102183, 96.72791175139017, 411.08336644953073)
(69.9564990193634, 92.49967134339148, 420.2183343607157)
(60.17227112187129, 83.23119046708533, 416.46004842266717)
(55.90506419342084, 82.9677499495946, 426.2665430717448)
(45.18964621094901, 84.29098933794882, 420.6241131234157)
(44.201813539307025, 76.45192684124153, 427.3729762556187)
(46.05159661123848, 60.130435849153784, 425.6966496353342)
(35.24616577950174, 60.99004131334495, 431.71994191850735)
(43.45511418268239, 46.89977573782678, 433.9470201916823)
(55.604626020756164, 45.02359411110268, 431.9153728570503)
(69.79309975991887, 45.992231706461276, 426.3212454354441)
(69.92317629457406, 27.099998309837336, 427.99856852742306)
(81.99632387780392, 8.761251384891755, 433.4960472449658)
(73.78407129710041, 2.731445787934883, 428.9909654915317)
(55.8811402204033, 5.400714747625712, 434.8530152304906)
(49.938269396549885, 18.730503488906315, 441.3097130253794)
(46.7329732279882, 24.502565225016593, 431.3876231382265)
(34.870935411863535, 27.6229061056652, 438.91087534373537)
(17.482060419123925, 28.521612752936242, 438.94779202677864)
(24.16884757047727, 43.158939712449495, 439.10500445528226)
(17.702153320249934, 45.030234196730134, 430.35421136837135)
(9.908037617365972, 57.727208971708244, 437.5549313744389)
(2.4169529089260733, 65.35961971862359, 430.8521036030925)
(0.43540415585141545, 79.30468069788132, 433.97436117412116)
(10.023043982657132, 83.99197472004522, 426.4551949110316)
(48.20468066937994, 94.99973438951021, 424.67944435873443)
(54.782826089961375, 95.02016505761196, 420.4256401128348)
(54.67026271195685, 106.41990642607702, 413.388914117763)
(85.65879197310593, 85.85879296958204, 416.49492253445726)
(91.90183789417411, 89.37298984611547, 408.967448013286)
(96.42043510002895, 96.02774365772603, 402.57779305596665)
(105.0956111241863, 91.40956069201461, 409.5453514972709)
(114.25099856774051, 96.16354261424354, 405.5069629201654)
(125.84655726671173, 90.47983163135254, 402.72286587138024)
(119.90598308121092, 76.76799250537653, 406.01121887096343)
(114.39100266738345, 76.78767716676721, 409.936306294787)
(107.93202235991828, 67.61138431637936, 409.2407880737597)
(105.55487600687196, 62.425973485052246, 417.4570672737438)
(99.61274796968489, 53.76883102334673, 419.0362657900877)
(111.2411601748588, 52.792845095521955, 418.48575218508086)
(107.89132730171458, 42.10695618426941, 412.32314843885075)
(101.52030573799154, 42.09622373811095, 417.6761578597351)
(94.62893573256109, 33.49901186790066, 422.27345279909434)
(89.1584992202869, 41.38997593163018, 425.6351273660214)
(88.01899275477965, 52.48724706020425, 414.9982652354188)
(94.48256982247611, 64.31023969061062, 417.8553758912042)
(88.10821815407083, 72.80305350555861, 413.0369084003176)
(98.80477962359235, 76.04378763673064, 414.03644708294985)
(100.01406173192001, 81.40891155237179, 405.17996894046115)
(99.66326702633465, 109.74674876796236, 403.758784683103)
(88.6975034011811, 117.3180788808802, 402.1598598189401)
(105.89360262427688, 123.66494679925555, 401.21029263479625)
(97.64964864718372, 139.2419467106682, 401.2239408746542)
(99.19949072004319, 149.20699406802495, 405.52557871565733)
(94.7139761966409, 158.38275475546516, 406.6469341343802)
(96.41164251341672, 166.06229566738506, 396.8818154999952)
(107.26094701981509, 165.9960229651521, 392.60003188050945)
(104.53592805103045, 154.5953252706974, 395.86447788359874)
(113.28630235682036, 141.17336991777591, 391.7101290013081)
(128.66201408230853, 142.75941656624968, 392.0981220461568)
(126.47214438324406, 135.63478381698008, 384.7385636298829)
(131.76186756391556, 122.9520354390371, 385.13970748115025)
(125.82815253262581, 118.46544443605217, 395.8142771740341)
(132.28750249787745, 102.62301071456132, 392.4290771186268)
(146.00080018454747, 93.8563891390134, 393.9018535025122)
(156.3220888165674, 99.01190795280968, 387.37534323496516)
(159.48080520439396, 114.99872289868968, 387.21026107786207)
(149.0264845004942, 123.26562512762868, 385.71457894686284)
(148.1348327352053, 132.45533217426808, 378.05971517354044)
(144.9249220586365, 148.32121582169012, 377.6732863942083)
(138.32094175024616, 157.80092327692591, 379.44513563887267)
(150.74757442798114, 156.5970614281864, 370.58869628291467)
(153.18509871038333, 164.52426951723174, 377.47754174670047)
(121.46301989912006, 157.83433323531926, 386.55437663264695)
(97.53831048936202, 179.85346006777948, 401.38092513158483)
(86.89172548458824, 180.12084547119122, 398.47401923360354)
(78.10682148698339, 185.28924408384228, 397.4612295210277)
(69.34166740628828, 185.99505606656192, 407.77033207409033)
(75.377959116532, 176.1819185749971, 408.5314622179271)
(76.93499665410508, 165.96123119950894, 407.79204219042265)
(79.64571772955792, 155.22639459858496, 401.1169640129155)
(73.90166077153431, 153.08706011516537, 409.96194076632355)
(67.47291383430881, 142.621637553154, 408.1261473788444)
(58.99023762119682, 153.04393148046103, 414.376995903186)
(54.28944356408877, 165.92388310075984, 405.29925224170523)
(58.671729629577115, 182.99655692720745, 402.5902774168642)
(49.086785603609016, 180.13475347620923, 414.96527057670363)
(72.32798572108995, 202.56418558154587, 396.27591445103366)
(87.33847117037152, 205.5181929636535, 396.2530453558523)
(91.1458780318537, 192.38068498837606, 396.2405932887734)
(100.64132862575443, 205.7224148743942, 390.423153681101)
(122.87132482403956, 208.39915286526434, 379.0757716300336)
(129.2992384810766, 221.51012933754438, 376.1240658276324)
(138.88279454127002, 221.51002913564517, 369.9272465339193)
(141.79846472558805, 213.39091744879562, 377.80874055622587)
(152.61717860588186, 207.84502669491945, 366.7620901761768)
(168.46977242452144, 206.99076800460819, 363.7093957581302)
(179.2142052134536, 203.54563283531309, 360.5297850118324)
(172.6466425741342, 194.48577340583907, 363.274287465089)
(168.93516081608433, 224.87869901174278, 363.41176791296147)
(179.78672771077908, 224.83559167263923, 357.8340110116125)
(176.3032191443828, 237.2287963908431, 356.9971465024178)
(168.58739294581733, 237.1718834609442, 352.7078188993276)
(169.96973195750553, 247.11867286896194, 352.9151756030503)
(173.96168077888225, 255.92008206230037, 349.72655937916727)
(172.02149475689444, 267.31124028956486, 352.53392782129737)
(164.15733054418064, 274.0788033003707, 354.3554741722209)
(160.9830706720818, 267.94119227163634, 363.30012787331094)
(153.59136480678487, 277.13098779313566, 366.23391876633434)
(140.04832265967832, 276.5208616030248, 369.8346445917029)
(129.57947380261885, 281.04265303188515, 373.2202837466173)
(136.4384707219486, 290.0856482031651, 370.7165563894997)
(127.42739589629181, 296.60319142594625, 373.8620095126929)
(132.47094507321682, 307.08734530651327, 367.87867537573896)
(124.33194053073132, 312.97782433503426, 365.3733186327778)
(117.91117699792159, 312.0966013269001, 373.63556588526137)
(119.64477473197726, 325.019280031272, 369.3419712751493)
(109.11530478571419, 323.4601373270099, 364.66198986811366)
(105.34839827829695, 313.55844198035027, 368.2685511232311)
(94.47135543589869, 324.84219312065204, 373.29707130959645)
(90.30995912724748, 318.435954759654, 381.5200690425176)
(85.85448189501544, 329.37938673257725, 381.2174099207157)
(77.78108936963363, 325.5860475769499, 386.3381832402923)
(79.48736542081336, 338.1294214895792, 378.4137720312868)
(74.37276026885603, 348.95152406163754, 381.3227617139855)
(78.95605321258559, 361.49346215213956, 380.36351845309053)
(83.67187564078155, 365.41126058639395, 372.23318894137276)
(81.37337284463541, 378.8848213875659, 378.2279720586064)
(69.45559840310777, 374.0950136539223, 379.25844210962657)
(63.80301875901739, 382.47378619543406, 378.2000184196156)
(60.094293001156984, 378.8818591893494, 387.5516922809854)
(48.88725793220783, 376.5590503119836, 390.1150520006679)
(40.86072666820495, 375.6716603079637, 398.30841927114756)
(30.480370571323522, 375.08945375412685, 407.4849276730488)
(22.74891891426095, 377.75903355194754, 401.6121623843267)
(19.83460736675441, 392.1271273154498, 400.66116617267727)
(26.72579120165375, 398.0731766171953, 396.04742606057306)
(36.393487068424605, 398.5659233290494, 393.4485777789479)
(36.19642871563489, 388.68942132914316, 389.333495353573)
(48.78227698074411, 388.6897474933276, 385.58299337728016)
(44.23569451046399, 399.72551820307325, 384.651686160328)
(40.02285727779192, 413.74382178927755, 386.0174607987534)
(28.311313046281484, 413.79324658859315, 386.3780080850939)
(15.198377012484665, 417.47532734310937, 384.8830868686591)
(18.78659415406858, 433.7702417601292, 382.17116254267364)
(27.472574912409787, 439.0229870881502, 379.17467087644616)
(38.096013730031295, 430.0330212348642, 381.7077242148285)
(48.53445217170793, 429.12032758849193, 378.80615212793145)
(59.95884932294276, 428.50370960635115, 373.5512147301132)
(58.31947249991376, 418.70039920611026, 375.51997532447325)
(50.70108191487771, 410.8328119926517, 374.3557202094049)
(60.078491682752144, 399.7035073420258, 379.65433119865924)
(73.10069600063518, 394.09225313074376, 376.7078616155259)
(87.69063287749674, 392.1626459812501, 375.29443649392454)
(81.84333900218438, 405.04048215642655, 366.5143368512683)
(96.11830406071175, 404.5892012325093, 368.044007800863)
(110.56579466887916, 398.28395268341814, 361.8183621878042)
(119.46083862934687, 403.78964294438276, 357.19225141724934)
(125.14239077565958, 398.9144558713142, 348.909732441141)
(125.75613275717635, 394.66129932868273, 359.2775916888329)
(132.67026719565783, 383.75564768427216, 356.25487193494)
(140.7778015121448, 378.55028093890246, 348.5333279453591)
(145.92303062269906, 367.4621399156095, 349.7526774490493)
(134.48036539806407, 365.4644323113047, 350.14717870546474)
(129.60597862573397, 367.97681260148255, 360.83568426745353)
(118.78980087695484, 367.98590211108467, 359.0544272971816)
(119.35704578693196, 358.8676007930943, 363.26225365954014)
(107.0981287600713, 363.80624122296996, 365.3009241901543)
(113.41864464622608, 371.3017076573031, 368.67084529839855)
(118.09823256453822, 381.07685772203087, 357.77676039461824)
(145.30173808084584, 390.917168891127, 351.04954748658446)
(151.46031668014155, 401.5192973754664, 344.59437688025685)
(158.90630968900211, 401.8656533368975, 336.47975543221133)
(149.65970530051897, 411.1260610824117, 338.9946660770783)
(161.1379461491048, 418.6048775735443, 339.26244440910983)
(159.83477725787753, 429.44902818137365, 339.9339138585854)
(147.31259252169758, 433.97394595128435, 337.7470651386935)
(150.1366627579953, 444.94703804081746, 335.9869284774383)
(140.1823877308963, 452.7715492776737, 337.4884772738239)
(136.422956805054, 452.71835501254026, 343.78112303604433)
(125.34013612989247, 450.13846908869414, 339.14491708116975)
(125.99112838865739, 442.5028452213504, 348.6564041015701)
(115.80033593848916, 442.2074484204093, 348.51552073802156)
(105.42302563777545, 442.0063830910227, 348.2848949098544)
(98.94322263244571, 451.7220002129538, 351.7069050105541)
(99.28555095376612, 464.4821664851306, 351.949017838329)
(82.6309527229987, 470.58049890539945, 357.515487377395)
(81.4964696246958, 458.1642062110288, 353.6217204185756)
(77.73454680212166, 453.12567886570685, 361.9523315222754)
(69.26538325128406, 463.4051695067048, 361.4359030334689)
(58.90516977086152, 458.49421371096236, 357.6009459922357)
(50.45250118107719, 456.6262770328863, 366.9431712122161)
(50.63213480557843, 466.8037676653777, 363.3022413788865)
(45.926428574667, 477.86935753076784, 357.7450956350138)
(46.91462151926862, 488.6774236302954, 360.91735949890364)
(50.97554077806732, 498.2017571758542, 362.107366966783)
(57.69286017903408, 482.05946281848816, 356.652157420964)
(67.7158617112823, 479.89844266290464, 357.5556370378171)
(77.52171997849754, 485.0823033692499, 357.0082454885366)
(85.81649662349922, 482.9643530280637, 346.3891686629744)
(101.11710741851986, 493.2880415792579, 345.2322005796754)
(109.9201086851116, 499.4503282814857, 339.79107948351196)
(117.4087172216457, 489.3679981034591, 344.8994003395127)
(123.83201499841407, 490.14945849722244, 332.9334061449354)
(129.94100416437732, 499.1372920981858, 330.7979706809097)
(135.41312112180847, 492.3544132209738, 338.22108373275546)
(134.35167965654864, 481.7520005160137, 334.01253008043363)
(128.70450891019803, 473.83586915924735, 337.8137121961073)
(134.8938180226969, 465.1836215112052, 333.81239745259575)
(140.03537843521696, 473.188643831237, 340.6799190350251)
(148.0357014278868, 474.61033568824564, 329.6281299347829)
(158.1213761354049, 466.3939923139331, 328.1982744231844)
(149.28930585377498, 460.9097389756642, 335.49356900041016)
(163.15970111206306, 442.9887289415232, 336.1511716333557)
(173.6530613861726, 429.63602667198165, 329.08974986442587)
(178.5429016292352, 420.78773486007987, 331.77288295083224)
(178.9310544787861, 410.1462810330532, 325.97304572569334)
(189.4088968283887, 410.1614652192732, 329.6047648638649)
(187.4767300177466, 402.0828872084914, 323.69236126222637)
(202.26417255137363, 392.9718418752529, 326.6806939471322)
(206.3429587764274, 382.7648482111473, 328.65957998861137)
(196.59284090363533, 380.4772474068167, 325.1599462418431)
(187.93169709243668, 375.5504736571918, 329.1393382848771)
(183.29823876559132, 383.83180557700126, 332.88768802924255)
(170.53854086734228, 380.8977346386139, 331.07567722223894)
(170.15700172278852, 390.76617758746823, 339.137722064557)
(153.54512559917094, 389.593368259217, 338.8666494594246)
(151.05623244878063, 373.96237258760857, 340.4708041742528)
(162.5787938158012, 375.3109059338155, 342.2676769454703)
(159.67810505135515, 365.0675760446766, 347.0958193342643)
(158.24808117860678, 354.121402251259, 350.0507403734461)
(141.29422704779842, 355.5398617966058, 349.2417506976601)
(141.98354047136357, 350.194470433377, 358.1942545848842)
(135.22249735350994, 343.511852764308, 353.3342697470058)
(134.00896896835434, 335.4529257195199, 362.95664276383127)
(130.57676690307574, 324.84135637509127, 363.359296701777)
(135.45524360294965, 318.2322263109027, 356.40247373930185)
(141.81750742258265, 326.1919017084871, 358.8530668322958)
(150.7098594090503, 336.8374814995235, 354.92727013100847)
(159.7757027406417, 329.7249333399123, 345.2001235235745)
(160.22218370820002, 320.99420098289727, 353.1365356310525)
(152.4289174985417, 312.29329705155965, 350.50705104491027)
(166.21908269049794, 310.3624402865487, 347.4804025935049)
(161.36178552222862, 302.03550491177015, 357.8747058749575)
(153.71490311606277, 289.89838189345744, 354.29662878983333)
(143.15013215231605, 296.9774243807625, 359.078631882247)
(142.68772993660838, 309.3412867299819, 360.93726314554215)
(168.8820413028046, 289.1676132344632, 357.16564634598643)
(172.02085689251473, 290.9197539057215, 346.05358732450196)
(178.19191442007036, 297.55761076344396, 350.99590658320386)
(187.4699801924442, 297.8325796462554, 345.97333942640483)
(193.24442533964182, 291.03405205269627, 340.2033452579976)
(204.22991675616896, 295.5226681490303, 336.9948557969133)
(202.90738013265798, 305.64848695098607, 343.1777832799597)
(214.16564354197453, 303.7971263618492, 341.27854222371246)
(226.59674418974052, 299.2798449337065, 332.0127279967089)
(231.19611257687922, 299.2323436474592, 327.6579838643134)
(234.07652563626093, 289.2821472665192, 335.77577575318554)
(241.74817271402182, 284.2969682242304, 340.25709318863784)
(254.47182097687426, 277.15222981938547, 337.92683861400474)
(256.1366709564615, 286.48245270717166, 342.92436801186517)
(265.85236143593943, 277.55091278234096, 339.01335555249403)
(259.6849720465891, 268.142296152962, 345.73554659776516)
(268.29698610013565, 263.99982297835777, 351.84563135350885)
(274.5363588970737, 264.0231898037707, 348.42721627696363)
(278.63861979144804, 273.2829316906119, 341.3149226245722)
(291.5379969100669, 273.236615424598, 343.0843806366315)
(294.4408331515419, 262.1866814348834, 338.9671167695564)
(302.2776144820896, 268.7548294070359, 339.5827737602127)
(306.9726556270352, 278.458765956147, 332.882147832277)
(308.0452130585993, 286.52699970160955, 325.7488694653989)
(316.1372284189479, 279.855431238445, 326.76993094446425)
(323.674351437533, 271.68092242746354, 336.2425120982504)
(329.3989707303237, 262.634825113437, 336.5985307705984)
(336.8286534361418, 267.88935454483925, 345.5079640520815)
(330.3902213146965, 282.84312560547943, 339.39665945904903)
(321.021609580545, 289.80486360289524, 336.35770876799074)
(313.5975444135169, 296.0428334297372, 323.3878089830053)
(307.95215167358293, 304.19723308258307, 321.0823819389043)
(313.1891758039865, 304.76851716206454, 330.2661920177937)
(322.4342241267378, 307.1949406895256, 336.9300570464994)
(316.598377513804, 318.74257888508004, 333.9027456728144)
(315.4681810336984, 323.5497128183335, 324.2648236897557)
(305.15016666894877, 322.1234204270697, 321.7027854989589)
(294.99723834707277, 328.1077800172909, 322.2367164847765)
(290.72697710369425, 332.1757709960085, 332.31631955360626)
(286.7691317398163, 332.13665824986776, 335.80337127391556)
(284.4346288137247, 338.45457971120624, 324.7920573048191)
(279.8396838419144, 348.189913379962, 332.3536173588746)
(269.33429280068106, 345.7378050091, 332.86563196281384)
(274.85158762933213, 337.70538013887233, 335.48691655229027)
(275.15512204734637, 327.8230074489601, 329.0454844113792)
(264.2528892864684, 322.45128022980913, 329.9141603936533)
(263.71054180714486, 333.2136297168654, 331.9334030717492)
(248.0430015519201, 338.3844288471045, 325.7785201222156)
(254.70350446952594, 342.5329247343391, 318.9329425539491)
(261.9058479944752, 356.41641107300984, 327.9099855816802)
(271.5363399431271, 352.3662486448914, 325.266695006673)
(286.992644950839, 353.5090219842913, 324.26501910993767)
(292.79829025535196, 348.4086274943164, 315.04044687016784)
(300.76270785729145, 338.4039754025312, 319.6984337477418)
(308.2738587937666, 337.0311302848297, 327.46391427394866)
(319.6905843546761, 340.34525030001106, 332.5186003120592)
(328.7191552223688, 346.57637236660395, 326.25608351578416)
(337.29945858804774, 346.9981807463107, 336.4106091999879)
(338.7834740505564, 354.55922618155347, 329.8884413160613)
(332.8687906784172, 364.69395580916097, 329.87940870839924)
(330.0253471299565, 371.8014577596147, 337.22128951008875)
(333.5224567731827, 382.0965044378494, 334.68015948154783)
(342.4006196387072, 394.27040751215844, 332.4395372432355)
(330.30102746111385, 405.0338024192481, 333.783558795004)
(325.36122924765505, 410.33627423582845, 324.59441439312417)
(316.4818591342909, 395.10585185490635, 329.4727000315369)
(309.4950336908113, 396.87253833389406, 318.80170934229295)
(307.21756140621716, 386.1694374576204, 323.5245205234363)
(309.07508037485024, 376.86742881978887, 327.68256546668)
(301.5716271123261, 372.12307028590715, 319.28260369635444)
(305.8568002427764, 364.73440965258203, 327.4687873764329)
(296.0512070938641, 361.2241103490091, 322.4143452826718)
(283.1419499854925, 365.27538741117166, 318.92679437939046)
(277.5014678354411, 368.1354627519052, 327.6092535050701)
(255.53420326834953, 375.86464018376694, 323.0884370810792)
(247.96303307019375, 378.63386440177544, 316.37498640555117)
(233.39342592286084, 376.3385090602342, 320.7075129669761)
(230.4347507019407, 388.46756801365154, 322.41683596911827)
(224.2725911076186, 393.51251040874325, 315.25001677831125)
(213.6580423249243, 394.27381221469193, 325.20608178219874)
(209.3429327930481, 411.07668398242623, 323.27238565355304)
(198.6083264891635, 420.82176954533566, 318.04216109123115)
(207.7635016926047, 424.08813865515447, 312.29923676796204)
(210.52781760949847, 434.3269513190178, 312.02774487571327)
(220.5503767295376, 424.131792967328, 313.31317354217634)
(238.75604955458206, 439.77105380124124, 316.5257375002985)
(238.60081115492844, 453.808882080993, 315.3304116659244)
(231.76008098647804, 463.18254710142304, 314.7928649058215)
(221.16511866382055, 463.241034393408, 309.60392878479905)
(218.4554265332509, 454.6474626103521, 313.9929115595714)
(209.3189765150571, 449.9486383132127, 311.80995180924725)
(203.18035917006998, 463.1910430106026, 314.4462088099508)
(190.4446740670234, 472.686491738246, 314.52697194918375)
(183.77858259102038, 482.6198120517963, 318.6601126137914)
(176.21354289651953, 484.3815100078401, 326.08990856343036)
(167.93892341407934, 480.1808369448206, 320.29374998337516)
(163.30269142980634, 481.615544281324, 331.21136107418886)
(156.5272746712109, 489.5608092355647, 325.4356297539782)
(147.55855871180034, 489.56195676481644, 332.3958072796654)
(147.923938333012, 499.754834509881, 330.11222629140985)
(165.8753928027155, 499.6822627965022, 326.41473024482025)
(178.13478077403195, 499.69482718906914, 316.6007906461549)
(193.83903982494562, 490.1682618515932, 313.92870250398613)
(201.4381454639887, 492.1443118205046, 320.7562348352401)
(213.57412790511864, 497.5090523078014, 314.12685500725735)
(217.93928660399382, 480.2034961448735, 314.4373546931808)
(231.94472933953514, 479.61605146336984, 313.60591386590505)
(241.0908408529861, 482.76531694784194, 305.3835835285107)
(250.51121000369218, 492.1272027495249, 308.36659751041356)
(238.63070544335974, 499.4602159521902, 312.65504504258837)
(263.41586519666737, 481.63660646652056, 309.35575432054867)
(257.7422832392801, 470.00378387778636, 312.9921968146695)
(248.08110876520956, 468.7109758614628, 315.3418740022176)
(253.18667434214964, 459.0503145212184, 308.4067786017005)
(269.15467062734183, 461.5506849688713, 308.56713962444786)
(277.34633131808454, 464.12384804493746, 303.42275742655335)
(280.37248586934874, 464.6685054395472, 312.9459252052758)
(285.01157669479903, 454.85719844111554, 314.2678824235257)
(287.51735226346864, 442.9927421079989, 315.3687772365653)
(300.7485346556439, 444.60563534948534, 307.27687658857144)
(305.6525866293942, 453.39501473964026, 310.5281695596161)
(296.6441654780532, 457.04404989065074, 317.73621499601296)
(293.7961354404571, 473.83269554932775, 316.9833598996335)
(291.12065865959295, 477.07908260281835, 307.8688189234279)
(281.18969971545584, 476.6027478067258, 302.8994526248968)
(269.65850400739794, 470.07114497460344, 315.30309124456124)
(271.9758046668167, 453.78876560188786, 314.3123345282855)
(259.72090214491595, 445.47821726538905, 315.7345147153504)
(283.08070145419293, 409.76540625428106, 312.2661122192225)
(279.9099142856123, 403.8117894510237, 322.9623345728832)
(270.2936375584345, 396.84978759222435, 324.06218042315993)
(268.32385037211355, 402.7476809627299, 314.9279387982559)
(249.18701142680462, 361.55376375353626, 324.4252510971315)
(241.24113466191972, 352.1361536218582, 326.91241265801557)
(236.03796944314976, 343.97700338377314, 323.10282060695545)
(223.24264545100064, 342.38379762751936, 326.2473879084115)
(215.2213680365608, 350.56207873315856, 326.3594956888252)
(211.12666843852125, 338.11729850863975, 334.4259732875405)
(220.70318375254783, 333.20090774570394, 334.39755335519055)
(232.7191731085363, 333.01249916759593, 334.2196139176121)
(239.588231994223, 322.493926576714, 324.71318431912204)
(245.75733311828978, 323.7076042485214, 332.94261910046123)
(248.76926648180415, 317.1557937828247, 324.5344521212991)
(243.40798488435493, 305.51435955169853, 328.14314206962615)
(234.3104925564853, 315.39512161879867, 332.01211974715324)
(214.95338278828513, 317.9217566591689, 332.76189269835487)
(209.02779612596805, 326.5625804243485, 332.6357282425834)
(199.81750559328626, 330.90892357007084, 340.07575257483296)
(189.64993531841245, 331.76536981385357, 332.8002134633776)
(181.66566242172516, 334.190060688095, 340.2873279742223)
(176.11166621560136, 324.9486247737192, 346.6691120865274)
(180.79988919753754, 314.45493146519385, 342.8985061935318)
(189.11337085444856, 321.60161622692914, 341.4215352852817)
(196.72937600640816, 315.9309859463108, 336.13728893261975)
(196.94653800459378, 346.63799071405634, 332.6698671463984)
(186.98021489922917, 346.56046970582054, 337.85398698799145)
(191.18116374795264, 361.0514292523082, 336.2553032501219)
(197.18760020974162, 369.6582808970484, 332.00268023939526)
(206.61427844328995, 369.652398442139, 323.97366428845544)
(213.71575421315347, 376.2580581293875, 320.20774944148656)
(229.58724514013934, 363.8491939059591, 324.53921548059077)
(178.88034707140233, 364.3262462709984, 339.54719719632453)
(167.90456416465233, 343.3523976996018, 339.56361952067004)
(124.3626678989207, 345.50017697418036, 367.543594538285)
(119.38390739769883, 336.04495079023434, 361.7172747633086)
(112.73623457091003, 338.6016194103772, 370.93686142232065)
(91.75356823895248, 342.3364980893658, 378.7364337330367)
(98.1830339024799, 357.48299500791927, 371.0638657266367)
(95.61222488378156, 374.72705069886365, 376.47894225230385)
(61.75675664806057, 363.91800591116595, 390.27438010620426)
(53.86022413957547, 358.5504740058319, 397.45933841719284)
(61.70762561444476, 342.9901245326559, 394.07000930378086)
(62.79192952917906, 331.4018119617106, 400.00476696742106)
(59.02065634333265, 318.0680648852661, 405.2120129357139)
(61.84016647000762, 316.0663046380939, 395.08441411857734)
(60.53461394648452, 304.42491803584977, 405.6875596757141)
(62.76070472204065, 291.50744555038034, 400.07638549999984)
(54.3374259092978, 287.3132016815348, 407.2236173869703)
(49.273836554536764, 273.0264104278594, 410.8448382942024)
(53.723577266123314, 261.8975441010226, 403.4266540635844)
(54.63491052133185, 252.5531409489768, 407.3052040641258)
(58.219150242648844, 239.6083056309482, 407.6762803493176)
(48.22598211924189, 238.7881769460814, 402.6154307832752)
(63.27457295675293, 241.91973354925156, 395.75903368722936)
(66.43289404675868, 261.68090317308656, 399.7860737654934)
(63.126985589537114, 274.0951270326137, 395.79508841881864)
(76.20745493512982, 271.9379899692732, 390.97193828469534)
(78.09811234364628, 261.79062794761035, 386.40085493081347)
(92.03868228223816, 254.85997832195346, 384.5076392195537)
(95.03460121784346, 264.8099983081133, 389.3905072533302)
(102.96846776454466, 258.3518359431067, 387.511035678362)
(107.32027794181809, 265.77810404577855, 376.137600620526)
(112.74183903832163, 275.53388719983326, 378.8473812171155)
(120.631979941835, 272.6943083682852, 371.45453969520366)
(127.43977049070071, 266.136125494295, 377.6414372609007)
(118.15185141774116, 261.74252589733845, 378.3954500605467)
(139.28151020810398, 263.3345461595944, 371.75283566156713)
(148.29064064062746, 255.6338845776676, 367.6739655516812)
(160.1096732002987, 257.6053957622629, 354.77886213478047)
(160.67571230443005, 245.40873742333574, 357.5698446694613)
(158.95680925507156, 233.50093756875955, 365.24993646337384)
(147.3720660591415, 235.3545438993928, 366.6697969738596)
(115.05684176156144, 236.99519683871145, 387.4065849484195)
(101.17221727273656, 278.9218531012919, 384.09186755258)
(103.0242011628278, 288.93557280495025, 381.8869618396562)
(106.96540488368566, 295.25605773207036, 370.2182252795093)
(116.75509986722199, 285.06593834689215, 369.7990106544676)
(86.66859527318715, 295.2630142792463, 378.70192739209915)
(82.28813892354393, 283.8335873454046, 383.0269432376798)
(88.65538414833257, 277.3360347817104, 388.47054913721036)
(76.70273337947181, 286.5378477981057, 394.37694538181887)
(79.97291499216186, 302.41875208008213, 387.7615012145857)
(82.313667488636, 307.8219108713035, 378.20629537376925)
(49.623761358430606, 331.43145636739166, 407.36913442891455)
(33.00127874826436, 331.55920161176385, 416.4750154068289)
(20.780340375699424, 324.48776082692234, 422.7030846393482)
(17.306546045409597, 338.88263384718385, 430.0180506449141)
(6.089380014602963, 346.67839211210793, 427.8527826065071)
(3.0360450694777996, 335.97318876570273, 439.0786253440242)
(6.632982959874467, 314.3522267421679, 436.99700144376897)
(4.8472530107410705, 296.9028070461726, 442.74170112030345)
(21.630093532651827, 301.19664727462896, 435.20046156204563)
(24.268100540567715, 295.51245039035473, 423.9561910233096)
(33.517362378358726, 306.51144601297773, 425.4029543212538)
(42.63302010994801, 313.51170816320365, 416.8672638502352)
(37.43937931091151, 287.323314437542, 413.8629924672847)
(32.9307108858462, 265.78496661021586, 421.21485049226277)
(19.356656689589467, 266.370801868187, 425.569530603494)
(11.863146751669273, 271.7307811791005, 429.6450770676656)
(15.697117164715667, 277.3576218241977, 437.5130964539732)
(0.1611097255635463, 264.77937271454465, 436.89713408821177)
(15.415960272270436, 248.80452374087446, 432.27410005060483)
(19.877202293330843, 246.753823049977, 421.20995207615647)
(26.006378360446224, 232.15710159118802, 421.610043274737)
(31.437630442515907, 233.27337529202103, 410.9527248080493)
(41.29237905560823, 250.67858248155656, 414.55155322128394)
(0.18246225826329399, 232.9534278687187, 438.1612947999168)
(33.65489876084482, 350.6085866279007, 411.0653857294061)
(36.29107429152345, 363.84914895874005, 411.74776311093973)
(21.368433731853266, 366.7856350106818, 413.4983908965472)
(7.845775619008288, 368.71143456254015, 423.303620396314)
(1.6878750710167534, 365.89769760168826, 432.4077735360983)
(4.885256307418706, 389.54444106910285, 411.2389032118038)
(9.077424546639234, 405.5727877541068, 401.9628777821358)
(0.012505411056573656, 411.3142552031418, 395.0333373062924)
(0.29778456843765344, 428.3836081399609, 396.15915266597966)
(0.35188772788186107, 435.48471588539564, 388.35540226465355)
(8.916923159121403, 442.0484792975019, 385.08228878055934)
(14.832862058416884, 449.98066069936425, 376.20629885073856)
(23.109473128714143, 454.3997404293583, 372.26773564247156)
(34.18815404672543, 461.94386685819995, 362.85356514872063)
(32.90420913985825, 472.6691255718286, 369.5528155460181)
(19.838083508317617, 479.7864701284231, 370.51294606977467)
(17.177186302997193, 470.2346831950235, 369.0655092542505)
(8.698401335621497, 468.08281758981457, 374.94777887820004)
(0.6267244489671642, 476.28378513987593, 374.1220475254618)
(3.9134808428940016, 482.0371455806315, 366.19665442718383)
(1.6292817940672943, 492.9856251590135, 369.08572070730855)
(8.105109784439623, 496.410196143478, 362.2353094369121)
(14.146737049414382, 496.45835489157906, 364.07702070503507)
(33.381474192438255, 491.9608113972405, 367.29575465996317)
(65.37851702060799, 490.45404939454886, 352.8998645768047)
(66.9480001895294, 445.13066661068524, 361.70834341108485)
(64.31811018845885, 435.93044393574405, 365.89270718220945)
(76.84124058070391, 434.6905942329797, 366.29946999360897)
(82.16689589443521, 437.4929575719451, 356.6514042222364)
(93.83647752322882, 426.6296511757003, 359.9930469515424)
(100.45410090787954, 428.94330942967116, 349.3519109338275)
(106.83219347055962, 417.2785118125494, 353.9144844473718)
(118.34512359855754, 423.81907256895585, 354.773540564047)
(116.28529869370746, 428.5283960562773, 344.359881846718)
(126.78034535950039, 419.72241431783834, 345.22892878674764)
(138.52805843909755, 417.2465793744535, 348.80713062522557)
(132.28366425233716, 406.9543134409658, 345.0370807951357)
(134.58830636048913, 434.01418264270643, 343.39517493323814)
(113.54556691589151, 453.98589497104234, 341.6447154767846)
(117.24315918546557, 462.36512022997925, 346.0868337214319)
(115.4600496031416, 471.8779568463279, 337.4990125199443)
(169.89121665851115, 458.4584475056849, 322.68546045126874)
(176.6353984333785, 465.0696264450465, 326.74386994839017)
(180.75652370635876, 456.1452674532589, 319.36825141100934)
(181.9100579848924, 448.41291652388924, 328.30061251226607)
(177.62626887763693, 439.74125303445186, 324.50027915379354)
(186.77164999900825, 440.57891714321636, 320.3920133351563)
(194.21094158425544, 433.0740723642943, 320.9030667602011)
(190.72586269616693, 422.4041472518108, 327.760924579956)
(170.58433111889525, 410.21356362231467, 337.09443451058706)
(81.4944258276154, 422.468665432299, 369.49592377051994)
(46.22285326088199, 437.51839322984125, 366.5375117484658)
(50.49917847816121, 445.5883353951778, 361.3751147924453)
(3.026817877618382, 458.1416695874774, 377.0458650796893)
(186.99519072091252, 273.73294491246855, 345.5590425652973)
(195.91897625975295, 278.43735985414503, 340.97646206976265)
(211.4106331370696, 271.97637919341963, 344.10619322627593)
(213.89015227222907, 286.4961008141645, 338.6966962790796)
(194.1024428436854, 261.7640693977798, 349.49151651144416)
(190.32660495121084, 254.42145155622282, 343.2782956584768)
(184.81269951056933, 248.4108591948872, 349.54239436523704)
(197.71237144530429, 243.3931736066241, 347.66560212754473)
(205.1193081336753, 235.76434080396257, 345.37010368128813)
(192.55309959934002, 225.42911872330052, 347.78346287529575)
(233.60328184666218, 255.48728932494825, 338.00711419036514)
(264.8906171844247, 251.04159714515777, 345.91524419447614)
(278.1925434293319, 247.6576804744649, 348.4256261130652)
(268.283176970173, 232.6407918234311, 358.1875550748486)
(289.6541237946784, 210.73316424196054, 349.1568120301391)
(307.71305441828576, 235.51382756133478, 344.9421217163671)
(315.22651264444494, 262.0431538661757, 333.0027289449047)
(295.04336816137, 296.1551369103239, 331.3078424253363)
(286.657610122535, 298.3832280591072, 337.7381255507378)
(279.20882019578977, 288.938773610065, 336.14660779035256)
(270.31231976231055, 296.92959632038543, 337.9512303824286)
(259.8979632425545, 304.0155025263387, 334.7129405983854)
(267.650933994497, 312.24144518574553, 337.9341154487705)
(276.4960316182441, 312.63277618852504, 332.6371380373301)
(291.27075789493495, 317.63725348738797, 327.20983275797334)
(295.49663430182477, 307.93054811484683, 333.9920615215927)
(273.3753224007189, 285.3313636408984, 346.78798913717543)
(330.3067024873513, 314.13446575468595, 325.0265418120893)
(329.5699772180327, 325.72166984953066, 328.6009433849393)
(330.7107520892161, 331.49393607849726, 337.81862913019773)
(354.6258027938899, 322.8988368111859, 347.1409284207981)
(364.31051034264397, 328.48931616150975, 344.8780998081248)
(369.85312507511617, 320.16432572879427, 349.1283845051602)
(382.12244816281844, 325.6246608732615, 356.3985841846238)
(391.94965119780903, 332.55283422876505, 362.76795967343145)
(392.7551682909944, 341.2091228630472, 371.9010003137488)
(403.7689373168613, 339.23166535631475, 370.9998990644052)
(395.933442355871, 350.21494374287374, 365.0576907447488)
(383.6844933120687, 346.72125152194513, 361.3274096609062)
(376.53669391042837, 358.27805237391357, 358.7864907409604)
(375.43995024872, 368.36888606700967, 354.1246882809984)
(379.8834025239855, 380.5852483060026, 363.7071924959308)
(381.9472785503005, 393.7739177820874, 361.149132274383)
(380.024902417052, 405.7699051852419, 364.18976587156806)
(373.66744162895424, 410.52638727076317, 355.2565402063375)
(370.26852122421883, 426.1948486670127, 357.7058402550608)
(359.3908239647194, 428.3923802558862, 353.99479742929725)
(354.7282414415638, 423.6518668114914, 344.4001532228657)
(345.2535248070833, 429.8010500187138, 343.11065494112114)
(352.0471990171327, 436.7090344552716, 348.7441725922682)
(347.82651998240203, 439.781890948417, 335.99333763524857)
(342.359761962166, 451.72305832102626, 341.29377255374146)
(339.939895117119, 459.1122339120736, 334.065411610644)
(344.02989209429575, 469.5230371335784, 335.08085110830206)
(339.60298762990107, 469.5489360702009, 338.60863882503725)
(334.7262833329915, 476.3345781258359, 326.16688150998795)
(325.7782590002462, 483.24663054010557, 322.1630169142408)
(321.48905884574896, 491.92088525910526, 319.43593621238927)
(330.18262881904315, 499.8010831652422, 329.6333232753282)
(336.7083752423731, 491.96129913357163, 327.541309867479)
(330.01613449514554, 486.36242978146265, 332.54145089512207)
(347.40215289410514, 494.77687573839484, 337.52770387495775)
(356.6052906472055, 494.037120625832, 342.71350030222925)
(353.14081195884944, 482.9686617837131, 340.9717113752436)
(356.0591809378209, 470.10753754578957, 342.06342609532095)
(352.3472969952069, 457.3649675334995, 341.34761259513147)
(360.07072911061687, 450.6905076030437, 351.40628291182475)
(367.90528028133355, 464.5365516621545, 353.370280812527)
(367.5047779625458, 479.90521903929937, 358.27475027182885)
(360.15976504638707, 486.6241433720294, 354.45957349189865)
(365.6677760512537, 499.07997313880196, 350.9891816967838)
(372.4532584529066, 499.03951077622946, 351.90318864677056)
(382.72629615002376, 487.9251909127356, 364.06794671421653)
(384.2441132660808, 477.0463546673894, 368.98119903274835)
(384.51088772916916, 466.9905854432438, 370.77544845521663)
(388.5606594489268, 455.8740780973938, 371.7889417834853)
(376.80751055890204, 446.49247441640694, 362.928856352474)
(370.28061448145877, 439.14630087303004, 359.497381364985)
(385.3750596075721, 438.29489670341826, 363.3877225241065)
(384.6383348071088, 428.18491585741464, 370.32741109890316)
(385.8605034999657, 418.2803226015337, 364.74885971877126)
(393.7926541710572, 413.53708753413076, 368.6975897211542)
(402.0234260135536, 413.6201274275671, 376.506471197796)
(407.2479522344674, 400.43354187047896, 383.52903987511604)
(399.53193376870166, 393.98196259232134, 373.1122429560782)
(388.4198667822753, 388.732694478947, 370.9675288896411)
(394.00954414861354, 381.39489958369643, 376.40753289114474)
(406.1399128908196, 374.73070103595, 375.70305195168714)
(410.1688850971223, 386.56771612428366, 379.94578924930823)
(419.2407514275421, 395.76153829423635, 394.2903654392398)
(417.9792995091671, 405.5300535089893, 397.04642426993644)
(430.97999652504643, 403.91879473820205, 402.8286609031366)
(427.31682993393997, 393.5906284216628, 405.8221519570071)
(420.64624814923775, 381.1755703187174, 395.93041698644777)
(430.7294493859968, 373.1405467196003, 394.6166065814745)
(431.53480776235074, 360.64658633954195, 393.0287883021751)
(431.0723881351918, 348.91693810543245, 394.15299500978296)
(438.1263064201914, 348.9010009226331, 394.85118783469886)
(431.1819876893935, 337.24756644235634, 392.3623146169146)
(429.89378246260935, 327.8962286388464, 386.42933869166313)
(422.81218414061937, 318.491045263272, 383.88719685440105)
(417.00131687208244, 309.5839374443087, 376.9403093940704)
(411.1453190509313, 318.268407983991, 374.5083891790689)
(398.254534430036, 320.23738700517185, 375.3104832290386)
(389.6439124156539, 310.11527025103726, 361.6404902790713)
(377.55058574214087, 309.3450104764883, 359.7336318449591)
(395.8668236508997, 299.15311736765375, 359.23231454565604)
(403.75906205889896, 293.0818771521097, 364.6069189354724)
(410.68793077855116, 301.38574958691845, 371.4270624416311)
(417.2417041502458, 289.4232944707018, 370.33592875849916)
(415.3815522182031, 276.48419845730655, 363.1357699806491)
(407.5948735965703, 277.79506453336455, 352.81976318964485)
(394.46527408909367, 282.71978384039363, 345.8314769368835)
(380.2066345678741, 277.1895923949622, 348.6518990734572)
(383.7609525314103, 266.353713678266, 352.7731581733779)
(383.8546735871218, 255.60795018943816, 362.76290030736664)
(392.1301005765275, 240.11798495917202, 361.2905313085504)
(397.637194130133, 231.80986101341583, 366.08001642077585)
(388.36787209279953, 232.96449028107224, 371.12475369402296)
(398.79895294907914, 221.55908481430657, 371.9938401010162)
(398.7620741145855, 215.46355555890779, 381.8314512974682)
(409.5437558233478, 218.87148365298603, 375.826502698632)
(414.3507233993592, 218.92559746069978, 382.2208130326431)
(425.6890464965353, 220.88190786405752, 379.80238994826806)
(434.3537483412234, 221.10605242880993, 372.28978651514996)
(443.10748126591255, 214.11674595801944, 370.2492756110947)
(450.92588581582567, 210.53663569763359, 377.9466285229253)
(453.6553282486349, 218.15861962742093, 383.83961958213047)
(458.063623098744, 228.23008588344723, 386.76032131422494)
(467.5300222818705, 233.2316003157837, 391.46791497779)
(462.6441048327366, 244.72114195271377, 387.7718811765685)
(465.9453268772447, 255.48220426522838, 386.4229849722174)
(472.9088142746174, 249.24588343404287, 381.51163324289973)
(490.5074749462615, 241.32213447476474, 391.56477538748464)
(494.40721354242106, 248.69985198612122, 398.12609334411775)
(494.818354271994, 233.23293849263843, 398.2886609965766)
(490.47597924651166, 215.79122638300274, 406.01430388486494)
(479.861577814909, 215.7717275855206, 405.48881829365376)
(473.27002097232764, 215.77885797616247, 404.03822294299727)
(460.54883721604534, 216.4078029193735, 393.6301838868559)
(456.22940638510147, 204.51752687767228, 388.71499063865053)
(450.85665296292075, 197.67070085143828, 380.02755710509837)
(452.0102978909968, 192.9592102474753, 389.20444730498895)
(442.73637272117037, 185.29802869536454, 389.52858311484493)
(434.239321160722, 191.31488211642323, 386.0465506862032)
(429.49966588813663, 200.50974097523056, 386.7228110914847)
(424.21534764940884, 210.3576288656518, 386.86373395474936)
(433.99836151779795, 208.36220183375642, 379.26701256879306)
(413.2624563560477, 200.03980016069127, 389.12047229817347)
(420.24036056704404, 191.72439276596137, 393.36434236809794)
(429.389629437166, 183.5464437752626, 393.45663170679853)
(427.464001008361, 175.81518973249277, 401.5016591374786)
(420.8472192947956, 172.3228579579133, 392.2825869289099)
(416.0899963003443, 165.58663973693228, 400.6477705059065)
(419.58746556443697, 155.33353503583973, 399.80440617768386)
(420.23184941497914, 142.5006159527839, 405.7415758690213)
(411.4377486509203, 132.94340147193208, 411.5628374637976)
(419.3937680118319, 128.89770599733592, 420.43843191148005)
(408.1893858451485, 117.8349132128349, 419.14259632146474)
(396.83605127532076, 111.50605796069118, 414.6080691598361)
(393.86667403877465, 109.63996276413735, 404.63206009158364)
(382.2990766900617, 102.37622501649795, 405.67888337175606)
(387.6728502250087, 91.41180331922777, 410.8443105622414)
(374.2288392423946, 83.21380853631682, 414.4185863257642)
(370.0394463917825, 87.8528419927504, 406.5697932250492)
(365.1070481643845, 80.74038827473507, 401.4412886660486)
(366.2761010915941, 71.75889051021578, 412.14306020747114)
(376.20752518933654, 67.65976679195951, 414.484120771954)
(366.6938821384604, 57.904948727963145, 412.9917335518547)
(364.8899916501663, 41.69615371223351, 416.3834595439733)
(372.33179569543086, 45.33775737690349, 424.3740391378879)
(385.31371665624266, 43.161177653455674, 432.44287338861193)
(384.58214113456523, 43.15485135914815, 440.64366640083125)
(386.2297558760167, 29.542785878515886, 448.110096736301)
(395.8412456141798, 20.14500359683524, 460.33637029656035)
(388.70882373859826, 9.950420346544863, 450.8871437542421)
(390.493010315137, 3.620037670773346, 461.67945641740124)
(413.77894773657886, 25.881734193133276, 470.7245931457431)
(418.7062283564267, 39.39467825853632, 468.3796673629386)
(416.22217426401164, 49.123959798822284, 457.7134728656421)
(407.54924820725927, 33.30014262838665, 456.5921616435051)
(398.0934429991657, 45.416911563451954, 451.4356241150476)
(404.16333617085303, 57.74463308788669, 445.82275142152844)
(402.8210671872921, 67.7475157261474, 441.3384090102677)
(398.34691396006434, 76.34506595736678, 434.50661789296015)
(396.78343299461693, 67.05987437799665, 429.23757923282943)
(386.91126002459134, 62.96278872293259, 422.591874020937)
(400.2206061051064, 92.67232370865081, 428.35316998176023)
(410.7259126978674, 88.15845601157358, 429.51651232211213)
(413.16168584389703, 85.79721985682993, 440.8337066389222)
(438.23358679764965, 95.51136705012885, 441.8312406606135)
(438.4500644858498, 115.17064153121981, 428.594964489295)
(423.50290744822496, 113.85949421802493, 429.0666236240961)
(411.0646805985231, 103.81176749865439, 420.0574561619796)
(401.4819686507231, 99.0293326464387, 417.3556039370122)
(401.5302980924839, 135.26908915731906, 403.2955332821227)
(395.1581297200354, 142.67935304676948, 398.4083595399297)
(384.93315648596115, 137.74996030064867, 397.3569864861528)
(377.67195947765885, 135.62708579458837, 390.1686602703344)
(374.8232322856245, 145.88371522731626, 388.6138179400723)
(374.8173318357526, 156.5235044802269, 387.24887549073645)
(383.3930900035595, 153.45498785743317, 392.9268155299434)
(386.4171427697897, 157.8698868097098, 383.7411288617378)
(379.1095223328789, 166.58325200290736, 385.46467758239703)
(391.5056574833599, 168.11360186691616, 386.61818123747173)
(398.3189753027234, 181.97362673373541, 389.76494393852727)
(411.54437786269864, 180.10995671132767, 396.3798388031055)
(400.3963417089634, 155.52522543066416, 392.77921038633383)
(432.49206210157473, 152.12484259722143, 406.17428445349753)
(441.97993267247625, 148.27890340574896, 411.0043091036635)
(453.2355041282836, 149.24813371914013, 407.31179247745325)
(458.4545440736464, 155.75078476918563, 399.304856283525)
(460.5701363898191, 166.17795322423916, 395.29999818808903)
(455.63607057811316, 176.60516911224576, 392.50788642980973)
(467.6448101707696, 176.58362668569967, 388.9450963240129)
(463.1457154582265, 185.9674403716712, 384.65398378206976)
(464.45338832199985, 191.37078536556734, 394.10322362651317)
(465.5665414764221, 202.13669713359977, 397.716814397631)
(482.3687503939137, 189.58948199327497, 404.56728631425074)
(481.88589011153204, 183.2741583930575, 413.00927141498823)
(477.26497213583986, 173.99914625631706, 410.84566888542633)
(476.09787765186536, 162.4592268158584, 405.4810155361396)
(469.93488209505176, 153.44962596387512, 399.56698231419284)
(475.9974343706414, 141.4662800862351, 405.2377078347542)
(479.7370080744298, 129.16130311758084, 416.06941499789974)
(488.174986632118, 122.91958528190611, 416.7108538320868)
(490.6043356680769, 113.18763925827146, 418.92709178124954)
(488.6504155746199, 99.86389420968, 421.0394230619213)
(482.11076012859695, 105.33440660059767, 427.6743133892021)
(467.28901573463867, 105.34467708059003, 433.19355724754746)
(450.1894494850296, 130.57076235956526, 429.78559683634796)
(460.3171539656286, 141.42127628243483, 415.38951435737454)
(443.62632003097303, 165.88761431027783, 408.9449584759891)
(448.8038345049989, 176.74091403032506, 404.2341465455501)
(434.9458436825162, 166.1681725788713, 399.35395888511744)
(392.96517752548004, 194.8077973597721, 382.3386396667496)
(401.8736024701497, 202.68192927516532, 378.0825318923414)
(388.86836410276817, 205.20993900110744, 371.52412521738063)
(377.53624353020524, 197.91605569585437, 373.9132899157191)
(380.5421353841103, 184.59542336705582, 377.6519572177163)
(367.1570053741806, 178.41569897642435, 368.64188587036494)
(360.2240410116189, 183.6890962592308, 360.39393773967)
(350.95486487306397, 179.9684643231106, 362.85272745573013)
(346.823695502435, 170.66312236950236, 356.54280524205933)
(339.46202283868365, 168.07840163863708, 363.070297519039)
(331.92986787278267, 165.58521111883252, 352.5961448013076)
(327.83650659887303, 173.12230832057003, 359.06713800354777)
(333.61437524034153, 185.48829796399625, 353.12569683689765)
(324.1899732553327, 186.34888671689166, 349.27491464672454)
(311.22226029494584, 171.42656862163142, 354.182407444189)
(304.8383360676906, 158.3795266076576, 354.7528064960621)
(296.09989757467605, 163.95800940250132, 356.4398660730318)
(286.3250516270934, 161.74653753959745, 354.6510562608346)
(294.5167533589229, 146.98620135239466, 351.73582803999346)
(305.6815028382286, 141.19701959474202, 349.6079288165762)
(314.3894597095815, 138.6592007037824, 358.0977636016012)
(315.63556937831845, 148.050272080541, 363.7242169274702)
(327.5187091447991, 148.20297792748528, 364.9856613679124)
(322.25493936464153, 154.587151216225, 353.8550943204402)
(332.3897745607384, 130.98133012294494, 363.3761391543278)
(339.6836513311115, 136.33023465680049, 368.7045931286562)
(344.04533820309985, 127.03245238747613, 371.71644724289604)
(345.2095222908357, 117.31551332096763, 373.85966659302954)
(333.6547813891638, 119.23731258964987, 367.07417151992513)
(317.09610216707716, 120.14017224950196, 365.09536470239885)
(320.3609945355144, 130.13257073971428, 368.21374535458347)
(303.0175067141512, 126.4082729531944, 353.1811900495459)
(291.81448075328814, 115.15310894367015, 359.0432991618957)
(288.30550630810916, 103.78067694354876, 365.4705397636165)
(279.0163834687961, 109.52541345103117, 368.58529440032464)
(269.7926423688531, 113.76151120882867, 375.953355035632)
(266.2303162800192, 102.58690590567483, 381.5676232586443)
(255.58678220086838, 102.74249794957873, 382.0550373429093)
(254.99362998639634, 90.71558642975097, 381.9631564094691)
(245.5401971075032, 95.04950292148595, 382.0544617423199)
(246.41485958203575, 81.73830271015208, 386.2423405077216)
(236.69229022424642, 83.68388124562004, 397.1949089400596)
(228.37339932141026, 89.85330458874363, 389.34542357026794)
(232.21884525736303, 99.09158576460936, 386.66776123945255)
(233.29920067272585, 106.99315302526102, 393.2794335882343)
(244.30153177857872, 117.49254489737082, 390.3399481650538)
(234.92856508530514, 119.4854616684759, 382.1561313859287)
(222.76836876351635, 120.78214675858884, 382.7366387660615)
(211.1064914177142, 113.88045593567786, 380.5098477760375)
(203.4799702598668, 106.93407668809624, 389.14205827763305)
(208.53851365237568, 98.52082978583782, 384.2228438521772)
(219.10053866172134, 101.35677000385363, 386.16768361275194)
(214.8486227848402, 89.33085438571209, 395.9426662077126)
(206.4991494230544, 80.7141838220048, 396.748806188958)
(219.17358709254563, 75.47139149268844, 400.4894502810035)
(222.25304491971255, 65.18148858693318, 400.94406958846065)
(225.4752782650677, 69.56279739694776, 392.08661788929146)
(211.78258617278857, 65.19689909940374, 396.18998574143814)
(203.50413512311815, 57.948856293048024, 398.0358521496689)
(193.05138183747533, 66.85152424188556, 395.415440201075)
(181.63150921708294, 71.02664199553344, 387.4910741263295)
(167.67039838787906, 78.20541091675965, 387.77654995900355)
(161.74736640748876, 70.66757532147017, 393.5309056369591)
(157.85195964929855, 80.68983180466694, 393.5004836115633)
(147.37982995202714, 80.70364570694699, 402.2272179055233)
(137.15213733447274, 80.05532274767235, 400.56152673453255)
(143.6440442580853, 69.75087638418154, 404.077875479734)
(136.12669901390518, 59.178163224888166, 406.1443911222613)
(126.71201618596467, 53.80747855017598, 407.75849185050265)
(119.19048835280755, 62.09823682951898, 413.5440072728363)
(119.3276859736967, 42.44615604457369, 414.72266853938453)
(122.5598617855857, 27.138667313410135, 422.6956012097431)
(114.264158540268, 24.98402412226275, 411.52290259237634)
(105.70214476577972, 22.49934759395522, 422.9636701453978)
(107.11416496062637, 32.9452817173575, 423.8133276881699)
(93.69390016979312, 22.893527760762645, 428.8327896053619)
(92.54275724614864, 12.580324200811788, 431.0947695830357)
(100.66021581581091, 11.384350704200463, 422.38467026349855)
(109.7691766900965, 10.374771090225554, 418.1447793673671)
(110.29078980621576, 2.94786722717727, 425.55272136110847)
(100.31291658802505, 3.4948165789432384, 430.3948916652769)
(124.44359922672832, 5.585146034805755, 423.22163641628794)
(135.3865263254033, 2.1439854520690638, 422.8250277995221)
(140.18655973371042, 14.0847633860961, 422.49904029471355)
(150.46359328004988, 16.88173392294967, 414.05613753439684)
(149.61921322745653, 4.643541318137823, 416.87975771573895)
(157.70658922539144, 4.672519273297759, 420.5686270845115)
(167.91445906683157, 0.2891210627113949, 419.6413000112893)
(181.05507286718841, 3.5945857943383563, 415.18139091150107)
(191.4786461978057, 11.870538415854393, 415.5553311531956)
(201.1785125814194, 14.600827546629002, 419.35313057075734)
(210.95969767486116, 16.844822176013462, 411.0426871647884)
(218.3260723686387, 15.67912195908, 418.40757852701216)
(208.4734121653839, 0.6496350905302317, 420.7042942172716)
(233.08097359391223, 4.219922656736374, 414.1016183385522)
(239.35661597442103, 4.253241289210841, 413.7881433201963)
(236.5535374264452, 20.00083596904645, 409.4418232910639)
(248.25423380931227, 28.292422134457208, 401.5105990033811)
(256.5353634231639, 18.387542273670842, 397.81866781857445)
(255.27825351264855, 8.618518495785931, 400.50192401233426)
(266.1925324065314, 2.7106385397053234, 393.9231793081229)
(269.32521961262535, 16.911121000797113, 393.1262356299949)
(280.35498688515275, 22.358590125128863, 388.3468435757209)
(291.5091986763814, 22.41910152696991, 379.64326666824763)
(294.43877330939756, 10.346170184156179, 376.33391528697365)
(300.2830422942307, 0.29653685762948134, 385.07711362855514)
(290.5118324527861, 0.11720742394505379, 387.34641898512257)
(281.7270385024287, 3.0169976595963433, 394.348192023578)
(281.7790439420734, 8.20482605711753, 384.63918935242384)
(280.21514190181676, 33.29899351351045, 379.25945587154905)
(273.13256847412777, 40.87766851405728, 378.63822334253376)
(271.9938975691834, 34.140774796412806, 390.9546545627691)
(261.531829663533, 42.10279837887915, 386.79730040236063)
(252.81762690312092, 41.67953037988198, 396.9316134969413)
(260.2376788241797, 56.15457234282234, 384.2864298502886)
(268.8028056598178, 63.669028593245194, 376.50146659200925)
(269.1391052730309, 72.9045297130253, 381.5078626205225)
(273.1146663479287, 77.45855804832358, 372.9237828891631)
(266.3690166509376, 87.79577012543638, 376.3480838654786)
(258.189365302469, 73.00944854290098, 381.52034630052896)
(250.30111326237065, 65.8053257387502, 394.98739888006736)
(230.22173053505844, 52.47189621682169, 405.0760214253754)
(217.6750475056931, 47.68479358230393, 404.9231915055787)
(207.90742349209, 45.35033076146194, 402.4996846419501)
(210.68455185652334, 35.07759598132343, 407.98360413747974)
(203.83632315158596, 29.050604850734906, 415.03889314741065)
(195.33144568499094, 22.301473333892595, 409.6952517374961)
(186.97459184131654, 35.725424179273325, 411.5113898219377)
(194.64350163983895, 41.7303069894297, 405.0696160307429)
(188.89025400522502, 48.434852778255824, 398.5763343284798)
(163.5601040264318, 51.85013521014214, 399.12655471530803)
(162.3312570146254, 36.87289343154693, 405.9278025392309)
(171.0189087582654, 28.219742191444464, 409.19893116294753)
(162.451419516833, 20.031635489488274, 417.3747350470425)
(141.91454214881077, 34.85027027083215, 414.8325740715931)
(143.08362987426128, 55.97128504702936, 397.4342328428186)
(191.44067423563376, 81.74260376193482, 395.11013579619595)
(190.02165848894592, 96.1762488542382, 391.6384515933276)
(185.13232034312642, 96.17898447531259, 387.0162270368735)
(195.8957999170809, 105.32622213740645, 379.8774157925407)
(198.73460420308996, 119.82015711164595, 375.2591756504428)
(206.31950052508407, 129.0695450523737, 377.0221474509021)
(208.91418668999594, 138.49102369056337, 379.9313051632234)
(185.37034516334, 120.81810173352048, 373.9566647170904)
(179.936869218211, 117.15674136210036, 365.46564540563605)
(167.58655898850523, 129.07155223458588, 372.19609598862286)
(174.21556908301943, 123.75369617577398, 382.52888044606556)
(174.09017792896353, 102.79960542141208, 376.49584764118293)
(180.4281030853669, 146.54317915780933, 357.78839877897957)
(130.11949093836412, 194.53930991142843, 375.8706575624391)
(83.33555283730321, 137.23901155283636, 406.76476898512266)
(79.73296745587349, 65.16923357786276, 421.1289781871023)
(69.81644900682676, 65.37903026687208, 418.89389833275317)
(67.72017551871417, 65.34092203769815, 428.8359517093618)
(23.113025230376728, 6.642360446722395, 437.4244846968414)
(230.05295209224468, 34.085705107850806, 403.1640827736599)
(276.7132194047973, 55.13143164899026, 383.07582651350157)
(285.3564209905544, 49.31996227830149, 371.8299005738199)
(300.210957477529, 50.513242511459886, 369.36047002112014)
(294.3023364435671, 62.23262153605158, 373.32599207073605)
(283.6785150088031, 65.2928603508473, 371.8919096299259)
(295.6966560541269, 81.68231064687687, 364.13122868212525)
(297.6342485664563, 90.73941655612755, 370.097874162856)
(310.0613630859255, 91.95370796884816, 366.60228616018753)
(314.05436997866065, 81.6374019885242, 375.2582732894404)
(323.52580654917614, 75.34260004017823, 383.5731920738511)
(332.3485626129158, 80.30684133415173, 377.01640248682753)
(340.69803371188016, 69.68403903613645, 384.5746541339786)
(345.97208189443205, 78.21969341171292, 388.5618570889402)
(343.4298776605355, 90.74537607867661, 383.94893859696714)
(345.29709741057235, 100.8721495686119, 383.9395235228073)
(338.16668073553893, 101.99031593923475, 372.6062177339961)
(317.3890138419759, 104.2696592148174, 372.7510944069931)
(292.8739731028213, 92.74162932844015, 357.3880918561915)
(305.48577668551457, 63.90309674246242, 373.5085383755351)
(307.75853240115504, 70.39231717532324, 380.9962438996845)
(316.61844605451967, 61.51291953076243, 377.07496793622664)
(330.6236230519292, 62.70793605321862, 381.10899503012905)
(336.4558709436258, 54.28796071940456, 387.0145059132352)
(326.95331816712365, 49.494096555570856, 392.9499655102133)
(317.2204487051829, 46.568865298479864, 389.8169177370766)
(309.56428312622654, 45.574461654173895, 381.80579209258786)
(300.5349086178329, 29.273409710703856, 372.2364147904468)
(310.5483886520287, 24.683036865820796, 390.23638302442373)
(322.6944964433136, 21.374430154753433, 392.6111485446866)
(322.5704860760125, 32.40823804453807, 397.12615235338103)
(333.063486621235, 22.344886531947882, 406.7845026934729)
(344.44950895090096, 34.11720785610578, 400.9857776030094)
(338.2093629243752, 49.11341853448536, 398.96554962385585)
(351.87517071422496, 52.4729143338476, 405.92041941671545)
(353.00762241064655, 70.26916727518872, 402.68084909311756)
(359.7360384579144, 96.34143282827901, 390.2458129197779)
(367.5008687144837, 96.05061351660315, 396.7330700650512)
(367.93263850264316, 109.44025653648065, 394.8229291083876)
(359.97255208488673, 108.27084946908971, 384.65485226534724)
(354.09061599357506, 123.27431687321594, 383.7011364075066)
(365.85684170046875, 122.23627332730646, 390.9172541670888)
(364.4383603075673, 136.73645854383736, 386.8101496436701)
(364.9546988239094, 140.84839565639646, 377.0593321303346)
(367.19995715345635, 154.62637570048804, 376.0876999651589)
(365.3949186889937, 165.54416218484758, 369.08014317229953)
(353.95237070979084, 162.99395309511584, 362.0079739519371)
(351.92868228585394, 154.11030319073953, 367.32393302587803)
(347.364390942812, 146.96591360692156, 373.8379557072615)
(345.3808891410348, 182.35465534395905, 352.3350156419927)
(351.85254267315923, 191.6538329658885, 355.13126309705655)
(359.85378503353934, 195.8222037431549, 360.1919977513552)
(364.4708110500019, 205.90448381158532, 364.8061116552409)
(372.72771576087405, 208.1110200294371, 359.37871193719644)
(367.7990748973572, 216.96041211044158, 356.58429448303673)
(362.6276130660391, 231.80911116823856, 351.5876502296987)
(354.99748329309784, 239.0959913271179, 352.3231241483034)
(363.62912844496, 244.16184553041325, 347.17499631927046)
(367.0660729992222, 255.10371819938754, 356.37677763179056)
(374.92507100533214, 238.1410295904584, 361.1876616557433)
(382.6944696221497, 216.33758272216323, 364.48206864032136)
(347.95234707250546, 209.64429368489223, 352.70817536614663)
(344.2318704827322, 195.90614289225755, 347.50167470212716)
(285.7980033130097, 145.1814904698731, 364.8063990863388)
(278.7494579586694, 145.24977042227195, 368.4900446538818)
(273.6402562945439, 155.6901803606684, 365.4932852810661)
(277.2035718251864, 131.93528835301055, 372.00919125954607)
(267.6899977995687, 132.65145987716647, 378.4199107520547)
(252.7892586548352, 128.3917245936106, 386.66482957002415)
(255.56419138216813, 116.71830724299575, 380.2787407335407)
(283.586605237469, 131.4989505770614, 354.87089091877436)
(354.20560587569366, 34.92122961763855, 416.6622576064276)
(373.22673444475464, 27.34371308352057, 428.12748169322606)
(366.7403731681361, 14.85558848563845, 426.19370964570203)
(359.603730743119, 1.4813009526088994, 432.99390831466803)
(352.7681672735283, 9.367623884958153, 417.1684273599768)
(333.8647636136088, 0.3157776034821147, 413.5560949987325)
(325.7419096567752, 0.29693085819271214, 409.39952821933355)
(311.6349582095586, 0.7455516835812026, 390.58132982227454)
(437.13902891814905, 50.764592990867605, 473.2760987236489)
(481.1528496803488, 57.91867411741675, 460.10895379874484)
(491.1321013501901, 50.167969240322904, 462.7222867570821)
(499.31596485131456, 58.35404578961856, 440.04222408824995)
(490.5337800404206, 77.22717136771145, 442.24625793399537)
(498.86229688785437, 76.06436069133565, 428.7477648980189)
(487.9877688306197, 143.29358022445447, 428.3190657127125)
(499.40542447374924, 151.93056384239455, 426.64780772366305)
(498.0179707233353, 164.28494270971393, 427.90159636817833)
(498.9819707154837, 179.09051544028952, 418.9180532575313)
(490.27580127411056, 201.16015986743818, 406.70821628910267)
(497.61407678698765, 212.45457195096245, 416.0207916326089)
(474.0522486175376, 261.9029390852934, 400.50275299832106)
(466.8385810804058, 272.22731758894327, 394.5983346066944)
(456.6197536645592, 266.7788699391007, 391.2137843173984)
(451.57057577928265, 261.07913564370625, 382.53978195966624)
(449.68555986490287, 248.76015594824003, 376.72937049744974)
(443.71621678846657, 240.8208743500867, 381.80925322495574)
(438.56072220029, 249.90350102096914, 374.2431065451438)
(434.4024461646524, 251.19345772718398, 362.7139576955055)
(424.5519595928282, 255.88152794906006, 354.26603622497134)
(418.5908255764874, 248.14480797200815, 362.752872599657)
(408.09182769518327, 248.84555656519854, 371.7744661547162)
(418.41622632216735, 236.5896060087483, 372.0601625672417)
(435.00461767477003, 235.88841516852077, 370.7421462047618)
(444.33154581605953, 260.7114975161224, 370.0736693258852)
(431.3223216085234, 263.5160883057192, 370.18879173050675)
(429.9123925156071, 276.99141992987995, 373.02689665639764)
(430.4722522828171, 286.3061137817398, 382.66612544862204)
(441.74669694320175, 283.94335550073237, 382.80634235940454)
(439.75579919959483, 271.89681286343574, 380.81047432073694)
(452.32924623738853, 277.2593666582764, 386.87368069661676)
(450.53099713281216, 289.4452155509164, 395.7396477364308)
(461.3239356592068, 286.59122755636974, 403.04327745316954)
(458.60925792590086, 304.27221129682897, 406.3413340499732)
(458.4881944308642, 314.40866735511213, 407.28187937802215)
(452.2128697102175, 316.43293305857185, 397.9571472361442)
(445.4572354335158, 316.37608812596886, 398.81360377698115)
(447.4587125498169, 308.53717606946907, 391.8767205705433)
(440.19727058022755, 303.43684039807664, 385.5928699367504)
(429.2453742513369, 297.18188120977265, 388.2798369538123)
(430.41096905784184, 310.43839023871425, 390.68527557128283)
(439.27954612542214, 325.7679223094715, 396.54852088077496)
(446.18201405464464, 333.469218216506, 400.969470867074)
(464.7237019943821, 332.8759129582012, 417.44498317454975)
(466.9637867548276, 321.7540511334124, 409.90864212947247)
(482.2359972602822, 322.3742733676689, 421.35869263116837)
(494.6775073961683, 316.4818231348403, 422.2609133060795)
(488.84294615555046, 307.37610042833177, 420.26796696850136)
(479.4418735713334, 292.4720189116362, 413.34807189921344)
(498.7528569244895, 293.04233106760853, 412.811463185927)
(497.85038344712217, 280.2270493088072, 406.3124925384677)
(492.64983269742106, 275.3423114720697, 414.14116201580447)
(491.6216980514043, 269.52491454801515, 403.54069104229666)
(480.65096107221774, 273.3773883098539, 409.39159662002777)
(494.91862062971813, 331.52313082960745, 421.8032645766147)
(487.294989292031, 335.26527378181976, 427.3402443051202)
(495.76044900591637, 338.1821230563737, 433.3254620254738)
(493.8833907212441, 351.0592052717375, 436.39981324883036)
(494.2252428624877, 370.4999521115936, 441.0775554811705)
(487.15021187703945, 387.78336733432235, 438.7897282684407)
(476.72375333784544, 394.764538623711, 430.33038321156164)
(477.6079305694698, 405.9326030335393, 436.36320366039484)
(477.0989495575156, 415.69799405368843, 443.33432073818557)
(487.5351114740325, 413.5811512646488, 449.11352578378575)
(499.1379845348333, 413.5203846607792, 464.96305102223084)
(492.29924642928677, 462.36563356789054, 464.7264260532484)
(475.21011647783996, 455.90645604019966, 444.00031637250714)
(462.2124471060845, 455.92037609627613, 436.04990895107215)
(454.4799478643547, 461.1109869702774, 429.41055410881796)
(442.84746570843373, 451.60814453050943, 418.15898063244487)
(439.26661820568, 439.31459116325783, 411.3880189029326)
(440.41401933047763, 428.9509112813134, 411.4456951436971)
(428.49254381810726, 430.656751375526, 411.0268881289072)
(420.5434876905504, 434.72794965958093, 401.88602407470546)
(418.70248738274324, 423.5545421969171, 400.9689332043438)
(411.6199380017155, 427.39322030824604, 393.5930091176571)
(405.0306850516041, 430.64596232548195, 379.5066289362605)
(400.3466907728608, 441.43419311399686, 377.9839334323848)
(407.6602811644718, 444.3591283673769, 384.47041800987034)
(414.0506706441398, 450.6949711269022, 392.1928123484613)
(420.15001981367556, 450.96366962781195, 402.7119915550584)
(429.0944055195112, 451.68679118011016, 409.4489535006936)
(432.0513775563634, 471.91955693397887, 409.4307082913252)
(436.91062010937424, 482.4999121538234, 412.6424988742526)
(443.469181318414, 471.93246798369915, 416.75700739311435)
(457.8129837809236, 479.68376197542983, 427.33220897706144)
(462.18648252478914, 497.1732804926039, 442.628846836928)
(432.2841163439574, 499.22530340844315, 416.17131257206137)
(425.0583872319699, 490.02313652593745, 401.8547048056766)
(419.3473568634244, 499.0340379452141, 395.7375886563431)
(415.1147341939755, 490.37943838042736, 391.9151015886141)
(408.66268102432593, 497.1198977083625, 385.72572152395094)
(403.7897067815038, 495.98972097944096, 376.4640782972266)
(403.1058877893578, 483.8503402321325, 378.18661909701973)
(392.37300632049346, 484.9645894606126, 377.07690849889224)
(397.78855872646216, 472.7598124478327, 372.781420883798)
(405.00491658807044, 462.4981596532237, 380.7901559992108)
(408.61193777303475, 474.6761727630018, 384.5384643219113)
(414.2816625066778, 464.27358719102426, 394.2051399382976)
(418.7714243532062, 474.7968393086238, 398.31314192405944)
(458.83406295289353, 437.28015864546063, 427.91970026893745)
(464.2698482582104, 426.6441841959771, 427.6275906072844)
(457.6311472587322, 413.0785738060054, 429.1931207801005)
(456.152731349965, 403.2030735612032, 427.6188600991148)
(453.7595990651427, 409.4877708094051, 419.13671374916936)
(450.4610945575719, 420.1798320661622, 422.7966996364512)
(442.81238287523826, 403.2248758783252, 410.7419815171897)
(444.1374739021077, 388.9282790117737, 411.6592134413196)
(451.33707561258507, 375.7213876144096, 418.77295610167033)
(457.8626815001182, 365.6559246144166, 422.74865515335654)
(453.5201826066713, 356.000661690726, 415.50119759523244)
(460.29821171986106, 345.7552478623618, 418.88403218307394)
(478.73824669314826, 338.74067607607304, 421.4114130038535)
(471.36129200598725, 371.2522576538799, 421.55063816940395)
(440.2075117871695, 360.026952532621, 404.5708314787364)
(419.35183383179657, 365.5201794667396, 390.6003419395925)
(412.1395897237883, 365.5217003798233, 384.62875292077723)
(415.0226741524186, 357.24963433887956, 377.32639243270364)
(417.78845839923906, 348.9006159417028, 386.53232106002)
(419.4342387441656, 334.8867792881786, 380.5129403839319)
(394.2232548870356, 361.61052695442294, 373.8754529132498)
(384.4908756816286, 365.893110783898, 368.61793290494256)
(365.55390679204237, 341.8570056088706, 351.80762375581804)
(367.3491791499676, 305.9258378499493, 338.29629920792956)
(352.7783123089496, 307.9098137531477, 338.2294771110179)
(372.6869557465118, 286.7614107438228, 340.0897945530695)
(382.6536198798533, 294.38632869183834, 340.1436164942809)
(404.3483607115313, 261.01073441853384, 361.52834742869004)
(320.69050382243296, 356.97805273697423, 329.00239716058854)
(324.36985584102644, 370.8051812240559, 326.57248224046714)
(321.4045660716449, 381.73833368040675, 323.96795400424327)
(306.7854503695813, 348.2665956553612, 319.41197762015423)
(366.5917504512202, 394.5990097824242, 353.74455657377206)
(329.65608960946145, 448.4666009820672, 327.6197300368959)
(329.58844861854857, 463.00860675928215, 326.94886338577464)
