(34.42826956833994, 497.0929364126541, 476.8256176115656)
(34.42826956833994, 497.0929364126541, 476.8256176115656)
(35.908677906696326, 489.0129200668763, 483.97483701852576)
(22.560909162110953, 487.8668773802242, 488.8517226184616)
(23.877289520725707, 498.4156752535485, 485.8616728012816)
(17.650808613420054, 498.45687657853733, 485.1728984807878)
(11.894883907488607, 488.94605921986033, 493.04975353505654)
(0.036115932613545176, 479.34198793291176, 508.1878458647252)
(7.580146413704803, 471.4039376066678, 507.8820971402056)
(7.159647729268636, 449.3627592506958, 516.081699388577)
(6.609280647128957, 436.66511399739124, 525.2022291114988)
(17.1207739464449, 426.09608293065406, 525.4361650374447)
(31.63974910610634, 436.64644492544215, 526.4260577635181)
(36.164736740041725, 423.82366885546395, 533.700954833505)
(48.491580296587514, 407.0820237747739, 539.7508038325501)
(45.62866686617556, 395.57015589447013, 546.5974613258729)
(61.73658961197837, 389.0209501337365, 540.6589153463827)
(71.46808887508688, 395.86036588465475, 545.6367427444236)
(84.9798886662107, 395.81535754281714, 542.5957338177546)
(95.54285484808744, 399.1686326860251, 542.696302854711)
(100.81003450143517, 391.66339265165396, 550.6994505057876)
(96.61887905878908, 383.3610626951716, 557.1112311636106)
(87.46235886188907, 376.00233612817783, 556.4420049758872)
(94.05626282431456, 366.60301662256916, 555.9308080099612)
(104.42178389636747, 369.7223951759068, 557.27323562059)
(100.06633324934423, 356.86268290533445, 559.9558164035161)
(86.74922014046221, 348.10022586358855, 561.4082250145269)
(74.20520220244397, 340.44761505542044, 562.1281189484367)
(67.8654635026027, 330.29212503212653, 562.3740159357855)
(63.62850541075049, 348.1227248993384, 565.3200205960642)
(64.87625029887056, 364.2195824398665, 559.4059666068895)
(67.41103926810443, 383.4319286638916, 550.9876145052374)
(86.22869925849264, 384.35814812312555, 544.951615462353)
(83.97250496356034, 408.0261836186249, 543.9029601685379)
(83.1461564144384, 426.07999011064254, 534.4740086927479)
(82.71758782323334, 438.9104426851372, 526.2725710501709)
(76.7328618611191, 445.74699097339845, 517.7377893249181)
(67.75684168322638, 449.65226734977693, 515.6046916277439)
(70.6243331266942, 457.0670239932767, 508.1125141485186)
(76.68805068639156, 467.8274680801542, 512.1677282948586)
(73.16798718083339, 475.2585278901619, 504.28761244071114)
(75.52053439071204, 486.1961930291808, 504.97614185832987)
(82.18487848085287, 489.2615317215652, 516.5934365574185)
(73.83566031700195, 499.74240142743037, 508.79758181906755)
(67.36101264319771, 497.0502316732068, 501.2331669324646)
(66.341287080593, 489.26484421421344, 492.5811277839336)
(58.845915165373796, 491.11271392622984, 482.8339936310422)
(50.965320089442216, 499.91821657591555, 482.89800164473866)
(46.93149779292033, 492.11718891282516, 493.5411006028586)
(43.12960437998209, 475.764507081782, 505.465790084997)
(31.374162357081627, 475.766376819026, 497.8788477770791)
(27.861149932842665, 463.79817652749256, 517.9217690657898)
(44.30807703599265, 445.8443754284688, 524.0550314030356)
(69.33121888066601, 437.3539209477749, 526.5399030997053)
(69.72406638481621, 424.0019637960573, 527.4146998517947)
(62.73600996531742, 423.84272055173153, 534.8943727071664)
(96.44923214400625, 442.6361610366069, 532.1714220963943)
(109.46304065827944, 441.17752323202217, 541.1286376034814)
(113.86421630071675, 432.0468280928157, 545.2658491586473)
(126.32396681817481, 426.098865450672, 543.6854752458697)
(132.39664539220996, 424.18173894570117, 552.6222703417077)
(133.99790619608072, 438.55395872164064, 552.7997231385061)
(130.68100812772298, 438.4996666630254, 546.9967345990354)
(127.56411185542954, 445.244238014079, 539.5158072559536)
(134.9712088028799, 456.20167556068543, 540.8404785571012)
(144.75745902300818, 459.48909405676284, 546.8663439782597)
(139.23513585616772, 452.34483485334573, 552.7613279783181)
(148.5211160724654, 443.6107849547622, 551.5153425430726)
(156.2301439544021, 449.0741729598088, 556.2870068701683)
(161.90771085025779, 459.38581354320144, 563.9748317417211)
(170.78073454145382, 459.6098169477108, 569.1503414417978)
(171.26198132410215, 468.0584315791426, 559.8733018121036)
(169.34230436897403, 477.732109771677, 564.8751759478148)
(164.4555624783799, 487.5908908435474, 561.2350205198591)
(159.4069321438734, 491.65640108311106, 551.486004464825)
(167.7741104390967, 498.49472388299483, 553.6577013557232)
(180.36302698765522, 492.2857668413701, 564.7045973465661)
(194.44087624455082, 499.9603868634726, 572.1724977157703)
(196.90382670748147, 483.26852948064413, 573.7213653505173)
(206.99632425509296, 476.32548199481107, 580.7769026976935)
(218.735169961869, 477.0973389377599, 590.213102094465)
(229.04221936823947, 470.66179244922495, 594.9063101034673)
(232.09042088369242, 461.71111346149587, 600.882633395057)
(232.70653681882376, 451.81822727916204, 603.5566749663062)
(239.36457058243278, 455.43846805891576, 613.3606639940382)
(249.47406536779866, 453.08577294168015, 620.2691943303088)
(257.3756073074181, 457.936044757531, 625.7064572378845)
(256.1930277761119, 465.26191944787485, 617.0821727489376)
(260.68132144491307, 471.4385707316604, 626.3450011353771)
(264.8503949400012, 487.0059384454597, 624.5048271200208)
(267.068981792191, 496.8820297743066, 624.6487970568414)
(258.7724365258472, 495.2582438912321, 618.8410929189887)
(260.06957463265985, 486.0784737295834, 613.4305902856287)
(249.16269917472545, 483.6779816072612, 612.1363694761116)
(241.06893075601982, 494.649076746028, 606.0509540800306)
(253.9524486883309, 499.14411855491215, 606.9294871056293)
(230.69696985056936, 499.57749097092807, 597.4803037675434)
(228.53504742567355, 493.56073135850596, 589.628744060855)
(227.55324442369417, 487.80803767231964, 599.2043096589945)
(237.11532406064916, 481.53522775646843, 598.3127715994008)
(242.70125273062177, 469.3735541682201, 611.5331071691916)
(221.06185433074748, 455.23487429194057, 599.0730326360482)
(224.69124349394338, 444.78781819173344, 597.1171888868525)
(229.3738487504548, 432.8181244154633, 605.2072325770438)
(234.03499472925614, 440.7000210727158, 610.190897345337)
(238.7806229489463, 426.2132384251079, 610.5000467175829)
(229.65744852572274, 418.5360393821087, 612.9729556902183)
(226.125571095168, 408.64436045840944, 605.572980200434)
(215.77205771562524, 408.7598846091054, 607.5201344813594)
(209.25988089879476, 413.3541322659437, 601.4259385625367)
(213.2880270487354, 400.21662374101754, 601.4319126638575)
(200.79003428211038, 393.5441781949331, 600.3147834003886)
(193.5480298179667, 402.2783104555736, 595.8681770608291)
(192.46987684474638, 393.26974136842097, 588.9846399519124)
(180.07158492000863, 390.83656327739595, 591.9398382923781)
(175.43395139911328, 388.6492645769626, 582.7583617185388)
(160.96013788285123, 383.4017196458387, 583.4106495856422)
(158.54739734225137, 371.7519986669854, 583.0547851114165)
(149.96849909370812, 366.39755525230476, 582.4928336308059)
(142.90060314459274, 372.6602323953114, 577.0514117639663)
(148.9990691694539, 378.1170964763267, 569.781346495443)
(131.5724117010022, 379.38597127687535, 566.1505951484112)
(120.5030937332795, 380.4634968467819, 562.5415701230485)
(112.2264580513646, 392.14566420510124, 549.5706510653472)
(107.25304999916236, 402.5198223399854, 551.392772906442)
(107.72806451009298, 411.6536006234264, 542.2361318863656)
(118.31487413586362, 417.4937687794376, 548.6532623070141)
(131.87345266518673, 407.0778888352234, 552.5759906575177)
(134.7895104948112, 407.1097872510868, 560.6265336964219)
(140.4494003239426, 393.3718778397945, 559.871248534637)
(151.66815255087747, 400.6741555170144, 565.0239610329347)
(159.30225956846184, 410.8688605342944, 573.7394109661477)
(163.3797244368799, 402.00431879382097, 579.6528743945407)
(169.93035355211106, 406.3761641706715, 571.6874961043712)
(175.30605422837604, 412.1632635831111, 580.3318187118884)
(185.34335964351234, 418.71557846142764, 577.8356334498122)
(197.4585147482026, 422.8640871364626, 584.9767537952314)
(201.85892339768347, 433.7218626236536, 584.1915405185529)
(190.6440885874494, 438.5393877589934, 581.6720999768249)
(189.65663829390994, 450.60945017937144, 578.9382690721104)
(175.66531939128254, 448.3064291376077, 572.9795819386367)
(169.65898939771, 443.62097883793444, 564.9140189736795)
(160.57890385576607, 433.83181788179417, 561.2884485715356)
(153.7100955594865, 433.8075172453311, 554.6719053470135)
(148.66663367156102, 425.9918783196932, 563.6653948414067)
(147.21267611322446, 415.921934837441, 560.207861230627)
(163.25253728612753, 417.8437529677536, 565.5900978900486)
(179.2560210647968, 433.84440186520743, 572.539718999843)
(196.46779504677687, 465.0135992259294, 581.3262544793763)
(208.42727357694952, 463.14879668177514, 589.5379047789135)
(208.20594822758477, 449.0927215538938, 589.1103116833267)
(209.9005783878657, 433.34017225342296, 597.0993177943367)
(219.56857943166435, 424.6121160547354, 603.6128368996347)
(230.1050611745411, 397.8204417904503, 612.7298208297304)
(232.5815775849686, 393.58153451972936, 623.7968923367819)
(243.28089955392724, 396.9743493899583, 624.3587547509591)
(250.155988493992, 407.5374027417736, 630.7286503673497)
(260.00185320274943, 414.27773418227395, 632.1574875544268)
(263.2582099530499, 424.0187936034929, 631.2663063184575)
(255.64734055659926, 427.4519267359436, 623.8412432778714)
(244.6062794292605, 433.7539662490047, 621.7925295517173)
(244.85013154927975, 417.0439260472714, 625.0706332990028)
(261.696122709849, 401.8829097441456, 636.1318909518687)
(251.36217967960633, 395.228475284035, 636.4878085434311)
(252.66072199539468, 383.05086351266976, 633.91691610977)
(253.80430042449592, 369.8748588082003, 640.5234804676309)
(246.00611317876698, 369.8856899999417, 638.4320744690401)
(234.70508895180797, 355.74075531364275, 632.771677676245)
(224.1933013286197, 355.755853306217, 624.739472879942)
(213.32900735497208, 357.89529536143124, 622.7712693894592)
(211.58016796931705, 365.77721415616776, 616.4388728989479)
(204.0087160066857, 368.03857707060575, 605.9934669327771)
(198.4536372416044, 381.44283325003187, 604.2297409441024)
(189.3483105739, 378.32655118359025, 598.0120463407967)
(190.51228061749765, 378.33135372760694, 592.3264769873236)
(178.7620853301188, 373.87680931670536, 594.4186951214725)
(175.22158076403045, 359.3926351688397, 596.6219462153624)
(164.81409388753872, 354.91477632435164, 592.4260196953055)
(155.03384502886058, 354.1744452106144, 580.4083520232383)
(148.60479334757477, 347.6764737472023, 586.6911646690713)
(139.5768662602141, 351.2907308992838, 578.9482823700437)
(130.11305805650485, 350.0543354690202, 582.4066038252794)
(119.0087999126122, 347.7182840309964, 580.1800388755036)
(121.19100033771419, 361.5759889533988, 573.7561870135819)
(134.58582337875254, 340.1790444286187, 587.2254525044822)
(144.81617843123763, 335.57278439076697, 586.8190161631616)
(141.8350945271233, 324.73145359718666, 595.0305015461687)
(143.87385145734882, 315.3469741727807, 598.3852363305773)
(152.61604310155568, 322.6774915865947, 593.0577969895553)
(155.60747231799553, 331.91895431331716, 597.0897896215963)
(164.08515119936234, 325.91648992042354, 599.6707491026517)
(169.90864336897732, 339.7556076987725, 600.2268990260964)
(177.75632606861308, 347.05031050732555, 596.2955508114334)
(181.96917260215108, 345.22552275492956, 606.5658325754835)
(182.05754277142, 334.7612703257577, 604.1299604773926)
(183.80622031481764, 332.08535326182454, 614.8822041622951)
(192.9749117457951, 327.4177047045386, 613.1861878344641)
(199.80300521892642, 328.8127696642877, 625.5297423195411)
(205.88238933146536, 338.9509257206899, 626.6077650773964)
(212.80267772004157, 344.57452065542475, 619.0424102923017)
(220.75432214458462, 342.1990081240329, 635.1061391065862)
(235.83182387564088, 336.55754742541455, 639.6917734694383)
(227.65844514520361, 323.2882295854493, 639.403702330302)
(216.57466604602476, 320.3669335158997, 641.3749068134376)
(214.40266373867522, 322.19590866603704, 630.6683427144329)
(203.21188149638786, 311.2590847918224, 629.0948126101856)
(195.61868175878965, 317.2528337574624, 624.7544164751934)
(194.98354143147162, 303.7039750616272, 627.3933587924712)
(187.9398373927762, 303.6763698056076, 624.4196986619697)
(190.87632681235462, 291.04587146078075, 632.4994669010047)
(183.2426685900424, 286.35193916846293, 638.5823648935049)
(178.9420684428503, 276.99370144647895, 637.2645794895951)
(182.73383563441303, 269.9441424592904, 650.1517088406979)
(195.80044174577844, 276.62959002496854, 643.4852521322099)
(205.8139598811462, 283.16719280861895, 643.1588246565394)
(203.86003354652843, 297.786459561319, 638.1678812781704)
(213.88353318264615, 299.67337846293765, 646.3622021069793)
(207.61864852845525, 273.0271834075815, 655.5934617113294)
(199.8244399007536, 254.23478900134222, 667.0916750051483)
(218.64601231190906, 245.13500160905272, 682.0540498922795)
(226.17477521007874, 251.7143280490719, 675.4755651498132)
(228.30188774985837, 262.6603089754246, 674.7810526082179)
(240.8986266192995, 247.06370238453368, 688.2114096666379)
(250.58257979573756, 245.98232083897437, 690.7827936537537)
(251.9594200493183, 237.4628316375421, 697.6749128687109)
(247.45344260077195, 225.76709112164173, 704.8519988655983)
(239.2305798523719, 214.01035532369133, 706.3485474374169)
(232.59871626605005, 208.49442620111097, 697.4472121126108)
(235.7166816564059, 199.7978904222572, 707.1109410109369)
(229.1959468695926, 193.12950014946668, 703.2508215132796)
(224.75224025357227, 185.7570855441476, 713.0545775459566)
(216.55405552583022, 171.2954285353933, 713.5062686879307)
(210.58308700459406, 160.08678089742705, 717.528925476293)
(214.39875150148325, 150.16394023867153, 721.5880594432931)
(223.44588380775826, 157.2067532199364, 720.7516591818725)
(190.09688258943692, 162.2949699214818, 715.5264055805196)
(180.64239106024039, 157.27276537304675, 708.7849942506805)
(173.5422695848972, 144.6205368289133, 719.4018888349234)
(158.39267784174604, 135.1702368421373, 721.2068384837274)
(155.0601181820573, 140.09173274528342, 709.7947149420271)
(144.64878365611756, 152.17748423725135, 694.6766814022815)
(134.70773969525246, 148.3492669388764, 701.2104609000046)
(126.69558252216862, 131.9613249380814, 704.738407030729)
(107.87083805501734, 140.8449890656809, 691.2568754274849)
(120.5711537502679, 154.7941816585553, 690.3594932986032)
(120.96910089180574, 162.06488240474758, 678.3190176803953)
(130.3460026035782, 172.65578235799083, 683.878645562591)
(128.57009472956327, 181.57233255904387, 671.5902806897587)
(128.2125883797059, 194.70694109204405, 672.3909374705721)
(137.15980529355204, 211.9146142308954, 665.5795659471562)
(147.5929762790828, 206.5532344937786, 672.5151000308745)
(167.37335408082322, 207.2528081944639, 672.676563721077)
(162.33964429418307, 220.09060400592796, 672.1471224503885)
(183.8036122411148, 228.33392974667404, 675.435667386122)
(187.7728828929544, 208.89965612386834, 689.2892250562735)
(194.96943365124758, 199.35545879661515, 695.2375960518939)
(205.9900660796517, 198.97502609874527, 692.3180930010608)
(215.54600232825433, 200.39841010803877, 697.4192392932919)
(216.5232502071554, 215.61932148881857, 693.5695313763781)
(214.76697002003593, 225.50073657264275, 686.1289213278028)
(206.5218725921326, 220.06575212766228, 681.8784079974461)
(231.03779925544077, 232.25428607275472, 687.5822228509504)
(248.9390658217482, 257.17574040113044, 693.2377531016077)
(267.4908524029295, 242.3712351352771, 705.4222629975271)
(279.81552417146446, 252.1606845687186, 707.335218828569)
(293.271742297806, 255.48186177464095, 701.9037359899384)
(307.66262731350594, 260.7572874998208, 713.2847891802749)
(321.9916953768768, 257.6775205962895, 707.7639353553071)
(322.5037954711649, 268.2432852854156, 706.6501043130211)
(334.1672670152681, 272.50227479520026, 707.6059906886923)
(340.3690788591071, 278.42507964035735, 715.1844423234593)
(344.5239311929634, 283.4624467324348, 706.5873166303604)
(341.9782450649136, 296.4374516736377, 706.8511838757632)
(331.8275813764099, 297.8344718274209, 705.0832900281182)
(321.13123784828935, 288.73387746226325, 704.6795895683289)
(311.96850465399456, 288.5890947561207, 700.1378456439479)
(303.17947651460554, 276.3031541334725, 707.7162175818451)
(301.67096636761823, 307.7942875655256, 691.4829904124537)
(289.5016459398921, 318.9100782333733, 681.468797096409)
(272.26022791559205, 322.3824108435808, 677.8674397123664)
(269.45507524046604, 298.2981997249472, 680.6449501261043)
(256.30310054682303, 291.3232814550263, 681.4157832244161)
(262.57602114686665, 282.9071492648675, 684.8526883931814)
(255.84845408026507, 299.06445918648325, 671.1370077042242)
(248.86029074437178, 327.53194296508974, 660.0803929714438)
(262.3391940542336, 348.84706199264076, 663.1918156879392)
(257.18251621139666, 356.8215778695227, 654.1192502377403)
(266.6821670071274, 362.9816406892814, 659.8355550219281)
(286.17428222177534, 362.12151504194804, 667.3199752895291)
(286.86225272553384, 357.47307969995995, 678.1720834320312)
(301.77224580545646, 357.9320490645096, 679.386389997936)
(302.51233973522, 347.007621899621, 681.0348514381932)
(313.26283723905834, 344.4759436201554, 688.8216323794828)
(310.19736675426117, 354.93463806519185, 691.8583662753608)
(312.53698157601906, 365.5162970032864, 686.096429421219)
(321.77952179542723, 375.2289756458663, 692.6777391050306)
(329.6735766769115, 367.4696866453862, 700.5304968428726)
(329.80770461145056, 354.9362134980904, 700.5182309551469)
(337.88556026787427, 346.40142112208684, 701.6357211710748)
(346.04283013454165, 348.6962221618681, 707.343776529175)
(358.2488295621142, 346.9890161833047, 710.3188380266819)
(371.90490738048277, 346.8986010009165, 703.4307978252488)
(378.6566097943964, 344.4055596084088, 684.8444316412656)
(392.87322378615994, 361.366327674722, 679.076432103167)
(402.44687729854155, 375.3347120475179, 669.6227086127815)
(405.35631735784096, 362.9804658282886, 662.3322155167448)
(407.4662555513819, 358.88460553517297, 652.1330428611591)
(410.1285027453394, 346.49213131779646, 647.9462829918558)
(406.2560383306135, 337.0687855481087, 648.2662864841681)
(403.95632949099814, 338.51072158954827, 659.3411690956074)
(404.7699923061979, 348.8936933170533, 660.7995934980792)
(401.9129515500892, 327.49168462527876, 653.0478917022964)
(408.0938922543844, 320.8785796401518, 644.496526643328)
(409.44374902935544, 309.89784318831283, 646.4337974179548)
(409.90850693139953, 288.3732055672708, 642.4542776524916)
(416.697607571935, 288.4033475231996, 626.6967550256288)
(425.5438303473703, 297.69303779925775, 627.1906044089428)
(432.9570926860786, 303.67261778933533, 621.6878168054114)
(426.2241211876764, 314.37060370006435, 621.5516518232222)
(440.12121689954864, 323.8048799529862, 610.9305257055009)
(440.8323047438401, 334.9743794184595, 612.7924125531199)
(445.27416648008176, 344.44037218330135, 611.9243493925917)
(455.72087635140474, 341.43026315131476, 604.7367395463389)
(463.5003850771177, 346.92140953066837, 596.2593510672417)
(471.39924324521786, 346.35265122186416, 589.6733788863467)
(473.16050067804514, 333.7664491732543, 579.5572120058977)
(463.37679098910763, 330.4731395732558, 587.5923155435098)
(463.44019755649697, 322.8374708709392, 594.1350191940126)
(456.65746168967274, 315.3038532547614, 599.2369677728921)
(445.2135175533124, 308.54360899640625, 606.5567265766973)
(443.3042113320189, 291.65005975453437, 601.8205530665788)
(451.4989500338894, 285.7572753196125, 600.3578840904765)
(457.52071424661847, 281.45681137621807, 593.4841358621313)
(467.7394372573136, 283.46172872407453, 586.4719127768217)
(466.41981386450067, 272.50476273659643, 579.2989569661075)
(471.5838518355124, 256.78046343537414, 579.1537046569056)
(466.223616968836, 246.55057756050914, 583.7846910186778)
(455.0062426690572, 245.9326512907365, 590.4332702706809)
(456.83528438847503, 257.71004705632413, 590.2714867942458)
(445.5132684191156, 258.6306495136921, 591.3097023277445)
(442.4103054119213, 251.70378260575166, 602.8434654349049)
(430.68894913312397, 262.074911331246, 608.9424531123186)
(434.91362707061654, 271.6891503886586, 613.4180897086092)
(438.5473344524935, 268.2423004678251, 600.1579389495882)
(434.00532856358967, 284.9187772060627, 607.1922159604644)
(426.10571111167064, 290.59614758894816, 616.91456290507)
(416.10523668928124, 267.7064101142539, 624.589125124237)
(425.1025741452282, 263.0922550059467, 621.7712467949067)
(409.5800339616381, 261.40888296982246, 632.6319844817414)
(414.4292605009322, 247.0711601847479, 633.3187276461133)
(400.3821133579537, 242.83318210170262, 643.6839424308898)
(390.03735035688754, 231.52971654433162, 647.1007459570101)
(393.8190999916532, 231.48784059123813, 652.399992213918)
(390.20416236874996, 218.15259379527947, 644.0296956273554)
(389.74931829134965, 208.80549316378065, 648.8893398350882)
(394.5774587496886, 199.8636769894413, 640.5911437906788)
(395.3344192352611, 186.62801927052868, 636.9917556327608)
(389.326301018735, 182.36837743778466, 645.5757764930894)
(376.0622298925572, 182.39235708411604, 650.1365907961873)
(381.7072669371334, 168.5198677079714, 647.6688006008538)
(388.8096662872738, 158.23029943667072, 639.1701333770238)
(391.1110964688316, 147.17034647018818, 633.4881141547688)
(396.2545304605997, 154.30924317515942, 625.5942623115114)
(402.7147779973342, 161.44432818984922, 622.5607066079285)
(415.5748080247122, 163.37069981384283, 615.8720449853852)
(420.07243743821084, 155.18690720517435, 610.8986817219559)
(414.423692744621, 145.43998258883445, 616.3041814084168)
(404.6554420928917, 144.37702702525007, 618.5578923713585)
(399.84824430656806, 138.78401743579087, 628.6401797636864)
(392.1779313956362, 131.3602283463569, 631.0842068754284)
(393.2167009920105, 119.70160618652625, 626.9971766799632)
(401.3070065102404, 118.28035795394182, 620.3427561548132)
(410.00146800119154, 120.67645814685429, 612.6028998671092)
(417.36190983280693, 125.56373878943549, 607.76237290625)
(419.9255528396671, 135.4282535385365, 609.3781377584518)
(408.8608591315112, 129.15025175725114, 619.432640679894)
(394.1515309225415, 108.98696863273783, 622.6708482260665)
(383.69161948577505, 110.19636899028635, 623.4494477682025)
(385.4668785283326, 113.85373739784465, 632.7545417498146)
(367.87118459634655, 109.4292016785473, 638.1093279825577)
(363.77666642886754, 117.06726282134528, 643.2973735188501)
(371.9643010208417, 140.86032344536375, 644.5141065693155)
(380.4845152598861, 140.5862874490494, 633.850280569791)
(390.4034984512348, 170.2604088233701, 634.8536450100935)
(398.55834058768255, 174.40169203760618, 628.4189691853362)
(402.97297650688176, 183.45125921459015, 625.0838626246832)
(421.5771538873992, 187.8552835060327, 612.1056075523563)
(427.56394898490964, 199.81769521348403, 607.9221287749397)
(438.608094629138, 194.66416605783056, 606.0243486889013)
(432.2332421989647, 185.80703123706226, 602.0701701242341)
(441.28071769758685, 171.50641803915002, 597.0027316767873)
(435.84300481269713, 163.94603400847623, 607.557423278784)
(440.47118679876155, 154.79361636801036, 606.3411035665686)
(434.80445801049626, 145.93331016921158, 601.5696926908132)
(436.6240557911008, 135.40068380301045, 606.4854378787448)
(445.64747312480756, 130.52347833058525, 598.8157331227331)
(442.28463435038105, 119.82522655558813, 596.7598161499162)
(452.27872992851496, 114.9627471191334, 597.113485888814)
(461.4752124587686, 114.89479206479614, 596.4487339841439)
(463.1015602860772, 103.34894880636736, 597.8390583826604)
(453.9530653183757, 104.98042278655207, 593.1294303252472)
(441.79384719803033, 102.30013856238045, 598.3309850486879)
(445.87205341600037, 91.3507446076639, 598.3572798010616)
(432.30315723613046, 93.14474429202902, 601.5885843025644)
(423.0925499099813, 86.53653225827334, 604.5819527842317)
(416.34140850112146, 76.16133474930864, 612.3620455471689)
(419.43362743634907, 66.6938124363447, 606.7697984652373)
(426.32034375136533, 66.66058299946282, 610.491331443951)
(428.28612152017837, 57.79028363812222, 605.60431337676)
(438.7583656028526, 47.49243139308634, 604.4059731143943)
(442.20791574562395, 65.40206084858619, 602.410659241089)
(450.6682245024822, 70.89784403466437, 597.9162497840989)
(454.3340366579862, 80.33969865262924, 595.9557802016894)
(450.2035733167672, 79.93507303306602, 606.5518480831312)
(460.2513439491553, 93.33579281542337, 597.3825954468832)
(469.314986120013, 90.93842333362618, 587.1059482109761)
(480.54458074514076, 98.17146808499622, 585.9270557755914)
(482.85226455151303, 91.66278398222605, 575.9692402758099)
(477.8950514218524, 75.76161376954127, 576.8110160643542)
(477.9663187184321, 64.0007216536984, 577.9173185774087)
(491.2086531311258, 71.09135643930247, 575.0887900283964)
(499.43794267860983, 67.9635828049448, 561.624331562417)
(498.46520562636084, 86.78460746350002, 569.6750585219667)
(497.6742033676975, 110.83843114837532, 572.3823442436666)
(486.03771460587797, 115.65296873564112, 580.0754155255826)
(476.81866533446197, 128.61321063691906, 576.2643873522071)
(473.05149007084003, 123.85321633520185, 587.9196315839348)
(476.90810592536604, 140.07058976371934, 583.3169943117535)
(459.7918494643889, 149.52029411802593, 586.1063707478238)
(456.6343911891358, 143.40347682510802, 595.6070453010755)
(451.641791511855, 153.33087254255867, 600.4769203767975)
(453.05744840763225, 162.0698683602888, 592.7484433218439)
(469.256137521377, 174.8851867220209, 589.4521541938124)
(476.9569662520965, 182.47472786229696, 585.4872558361261)
(480.4510346508845, 178.06794222524502, 573.8689619464503)
(480.0209507107844, 194.61174185825726, 571.9583864591766)
(489.5679101511062, 201.36961034128265, 575.1172104765213)
(494.5759419314407, 192.30733268275756, 565.041552524998)
(483.5588288809146, 215.4022155137768, 570.4780966909559)
(468.8705743617312, 221.72001505280485, 579.6948530291089)
(462.9538218838652, 232.46040694225405, 586.2190793856778)
(476.686762672106, 237.84142240364264, 578.3155657085458)
(482.02686792359617, 255.71487070345884, 565.8920966189062)
(486.50990143276454, 267.66070807675766, 572.0236251529878)
(480.5637665526932, 274.9715104218122, 566.6160775426084)
(499.9251115045597, 280.8281115468695, 564.3030546144947)
(499.8811218954834, 291.5853557964727, 556.4539412775156)
(499.6662208811344, 313.5901030209946, 560.9377927783246)
(489.5804848387221, 316.7426914677657, 563.0846747039492)
(493.4351880520867, 325.08568560102935, 558.8602056021697)
(486.82447892626016, 330.4858671071674, 571.3584845648616)
(482.7185101543409, 322.89907877591037, 577.9672518107101)
(482.5544344187639, 312.2690565643172, 573.6030540573928)
(460.6561760711429, 301.514453951622, 585.15907718678)
(454.1621102981334, 300.3926102112131, 593.3622102679574)
(449.84348395749686, 329.3877571610535, 601.9223155011176)
(460.38533249092495, 357.9435871456002, 599.5275970704304)
(457.72002272338193, 367.66181846686254, 597.1835210283471)
(458.56520764307663, 367.7169101938671, 605.2919217845183)
(448.1835145320868, 381.1916561855862, 610.5088321138378)
(446.3404494413143, 392.9688866860604, 613.1802734793156)
(456.6772869096391, 393.0065154017091, 608.3563664028035)
(460.14884456385687, 385.5887031103117, 599.7264113188573)
(467.9137836697465, 385.6525270438064, 592.072778019061)
(473.8491775975924, 376.0146257010782, 584.2952512125634)
(477.19630150463524, 362.1077694752123, 583.2803441826543)
(482.13547939544776, 359.38593789476056, 574.7207212259215)
(492.52650388580844, 349.1704667820894, 566.4382124727604)
(497.44951235761465, 339.9510174460868, 558.672513753213)
(499.396818991696, 366.9379234141371, 561.7053768714462)
(498.8878443165602, 394.8172492436101, 571.0655507772423)
(490.05968711716866, 421.5069962247463, 577.4780447649717)
(491.6127661331298, 438.51179449468145, 579.1737655624489)
(492.65008520105397, 449.08892930908945, 576.8813382750267)
(483.6869585332531, 440.7196701430289, 587.5469172511071)
(483.1574120916407, 453.00375330200706, 592.3179771072181)
(476.2470214629359, 456.27046872933624, 598.9862197302459)
(471.251337767788, 464.732245846845, 604.4224732872792)
(462.41125743022815, 452.0576342396027, 611.434813966348)
(455.11877398960945, 459.5684960412205, 609.1999872602283)
(455.85958854237145, 472.2582415984961, 612.2577251679045)
(457.7205745598362, 483.6348305060963, 611.1197372912205)
(465.2791865033132, 483.75399701854445, 604.2960842044167)
(467.46867374968775, 490.7594001182, 612.4717809744658)
(471.4130882062677, 499.966490062086, 608.745029580512)
(457.3780650623489, 498.88541370790585, 613.7475316112088)
(449.98048340739774, 486.55684465761465, 628.354391461032)
(442.6112822667452, 490.9575303880555, 634.63455899021)
(441.19954486963724, 499.774765632533, 640.1524529159166)
(439.08736146807536, 476.30121343274163, 639.0404693044284)
(431.57951474489096, 475.68169353390977, 648.6591521699397)
(417.14495188765943, 490.59405869875286, 662.2618689840169)
(412.99466153397236, 481.81405236439406, 667.4883150496009)
(413.98072597139037, 497.7889491678641, 672.4548720580752)
(403.4338332710388, 488.90654097456303, 682.4954820031619)
(392.3553945979238, 479.3778270919351, 698.6582135986879)
(388.95321432313597, 475.7036206204883, 709.7114372989382)
(369.9498614561587, 479.9400190213012, 706.1478245667372)
(361.58959911016507, 461.74944677048114, 704.8745727764036)
(350.792427312639, 455.177319608564, 706.9068835174864)
(341.7767416957063, 461.6955434123634, 690.451833598863)
(333.3646674487548, 471.1174931722358, 689.391733497959)
(334.6363125161388, 481.89523257602417, 688.0732524528927)
(344.16664354642853, 486.0594578166385, 686.9285926886586)
(332.6445282211574, 495.88201721596437, 684.1541456837721)
(324.4019687016968, 498.1943369198219, 675.6158240739429)
(323.1795069906157, 489.7276269229921, 668.6194034032068)
(308.37701375738936, 480.1540552590995, 666.7563945091586)
(294.4960272315377, 476.34879598238456, 647.1110956814279)
(287.72211741900753, 468.4808963494061, 645.0482444289617)
(279.74000782968176, 479.52467422731377, 633.6692412566683)
(277.7867041128634, 493.99340446728246, 634.7268820180083)
(290.88253973667975, 488.4001995531059, 646.359506128265)
(298.6506102757721, 456.2001259740759, 654.7351005021939)
(310.2653299977875, 456.24227800845205, 672.3524651031681)
(305.212689553578, 446.1485269460052, 672.5499118215521)
(316.86288073630783, 437.41213976181444, 682.7010241264051)
(326.42155698921675, 431.79261316638014, 682.6155790675344)
(330.80055225848264, 425.44985428947876, 691.5601194924935)
(343.0311254366282, 425.43186963852384, 695.4266444070877)
(345.2151199286594, 434.1052257936161, 699.9813905657049)
(357.79497096220734, 428.94585726912044, 704.1010402690098)
(350.05504427086856, 415.5858267716898, 705.2723327163669)
(360.0454454728257, 402.74705576880086, 705.4362214989006)
(369.8615979193948, 389.8726939871802, 707.8529742091758)
(378.6323264343018, 382.71470559049095, 704.0880908337348)
(388.20068005716195, 393.02256635377023, 690.3654836306542)
(394.3604586093085, 400.8236344221179, 675.3161381072505)
(404.2899053851374, 400.84589411920507, 666.8389195097822)
(405.10260568100404, 411.6365837516052, 660.6840734546694)
(414.7319224765972, 402.52368893479684, 654.1713269577428)
(417.51283801108775, 407.3651129005056, 645.3800665097455)
(419.2425542687414, 396.329661237306, 642.0340193432428)
(424.22515397987706, 402.7182468116763, 636.128060777249)
(433.00070010572523, 415.5944179052153, 633.0062366655355)
(432.0921109395795, 434.1326512193304, 631.4771860623468)
(445.4492014060289, 451.250140175171, 626.8310178862131)
(449.62103373707066, 461.7577709446704, 621.2950802591286)
(451.96336869144164, 438.5533798142886, 617.4034528472396)
(449.36839611603983, 426.67943816439936, 614.7335921894099)
(460.057834084048, 431.24088832781626, 610.6879655375277)
(461.9674376720731, 437.39196718979514, 599.6914010059033)
(463.2229173477631, 426.9355368012704, 598.9548677888301)
(473.9619757981189, 432.03120679159696, 598.2832154731102)
(471.116734920291, 440.8154508063936, 594.2714871273826)
(463.4307762712747, 449.22114742050746, 600.297677440418)
(477.3599020091022, 421.2918856752832, 590.5442969831897)
(475.3068332426262, 405.0202389344418, 591.9928680506472)
(460.56578382283686, 400.8475481505996, 599.7915246168783)
(458.22390974659857, 411.66598626374156, 609.4634849080051)
(437.56104623483526, 396.6374756934, 623.5835278538713)
(433.0778452573543, 379.9798283809913, 627.9599993093587)
(424.60054549624533, 379.1160181843956, 634.0754213735613)
(430.68005789685395, 363.5429601403833, 630.9807109445624)
(426.6480930638787, 354.44247228316686, 628.8412191235051)
(419.6860858391954, 352.800548317716, 637.9336102763579)
(431.7123653178694, 337.84565037594825, 626.01881887414)
(424.9610972508395, 329.8678617649768, 635.4581473583755)
(441.53696965313395, 356.5548946390651, 620.4875146576143)
(441.60652669503474, 371.77693467295416, 624.4221176285052)
(406.86503348780286, 373.6578640615472, 654.4402411508138)
(405.515645601148, 387.6428621623504, 658.7499654625749)
(410.3898516331413, 426.92368199187206, 657.6350343146734)
(404.28643864910964, 426.36932504238234, 669.6300725779512)
(403.7445412265558, 443.17840458107025, 671.953361057081)
(403.30200690219806, 458.8362369890901, 678.5138656642852)
(411.7729946444948, 464.4090062664549, 668.0006658919189)
(415.36876737477604, 456.20571615365213, 657.6596084394529)
(418.49206058009065, 443.58411436541303, 649.2977000316523)
(392.4125116215041, 451.80379067205484, 695.8809416678931)
(380.17370453934024, 455.56815813089116, 710.8250016409846)
(381.2840331562745, 437.7421859180875, 709.26996020636)
(370.12192645020315, 437.41879034556786, 718.8869984451717)
(384.11283641331596, 424.7720681458475, 698.2617420045358)
(385.5289763598826, 414.66465345525245, 690.7066364816716)
(355.86598951731077, 377.1689407778527, 703.9312652693746)
(344.00378581500854, 382.9160996310487, 704.9085433706329)
(356.9740736245057, 361.7111902232504, 705.1077208174526)
(362.4576028384894, 327.5426160924084, 706.272511793182)
(369.05125381778856, 316.5433418697471, 699.494154353454)
(353.315438066839, 307.0037112133459, 706.8203673465842)
(348.74177453242544, 314.3819665255054, 715.6537802808379)
(323.9438516326783, 314.5505498533579, 698.9347189691199)
(332.70041887100996, 334.9469091567396, 698.3988372377503)
(299.7587413707123, 373.90574633016666, 674.477441142159)
(298.1174581940973, 386.655007622323, 669.3958209913678)
(289.43268913117623, 386.7164241889408, 670.5306855621097)
(291.24283094811005, 412.515920703619, 663.2237939315569)
(270.1950521740687, 418.745331219404, 646.6879849506071)
(268.25342342481696, 408.239229654302, 646.7072249606139)
(282.66696916493953, 448.10925039452644, 641.9260159826808)
(256.95087614616534, 445.7253687211237, 628.5030292776092)
(232.18524881695234, 383.073704993927, 618.6026582982313)
(224.03479371752533, 375.3267700267025, 614.3172039350537)
(227.106884613955, 366.2183767783163, 620.8933958593809)
(211.00851110486752, 381.1678508417835, 611.3758072925245)
(220.666126421427, 388.6708067219856, 612.1446343993294)
(195.6715544115004, 354.101770496628, 613.2946436323698)
(192.5963973560726, 343.41629513294515, 616.7187412603732)
(187.24611034477928, 359.4603755230378, 602.9789154266354)
(159.32619472770804, 339.90487121035153, 588.4817353929193)
(175.87182912810516, 322.65269906333197, 610.991049991104)
(171.2724517753925, 309.31550009501757, 612.4151703718223)
(172.3867776356397, 300.2176288387429, 616.5237815093193)
(175.99149639005074, 290.7688504735063, 623.8952727036478)
(168.01758674055395, 286.96815972337373, 630.8259762449682)
(161.78195681793744, 284.77137747534704, 621.9679245474066)
(147.61240798298897, 271.7038562086543, 625.4293981789774)
(137.1407591447746, 277.2284715204769, 620.0241601226702)
(134.5070244970859, 265.31679508256167, 622.0885012093685)
(126.43625921579005, 250.158185582387, 627.1599670782625)
(115.75198018922478, 240.30594619545857, 629.3817620202184)
(109.66623101531047, 252.64591609928988, 625.3325211435199)
(111.9974183195917, 266.37856275018333, 616.0557964954023)
(110.79888757379375, 278.55659799896256, 606.7046415254936)
(113.01655838721581, 291.8215140589436, 604.607711657144)
(116.53658182898424, 300.3892325666798, 598.8844916881743)
(124.9331843538904, 307.5229383243018, 592.4194499877544)
(116.73073148131807, 316.0929737819378, 590.096405746997)
(125.48781306757617, 320.8795675630808, 593.3198162176888)
(122.17686536158273, 323.2395352807667, 583.0531201377584)
(119.30438896770251, 332.9108126810319, 585.7974223315109)
(102.28134140241879, 317.022554628085, 577.5297555294716)
(97.18512410393227, 305.84589695187594, 581.6768846990185)
(100.76790280383052, 298.2218324940616, 592.3938767792199)
(88.00034152777219, 297.89968879764774, 591.503094511843)
(92.07332204116564, 286.89230602783704, 599.3182549227357)
(89.26545094179394, 273.0805334570019, 596.8256681920732)
(97.89615242338229, 269.9060120717671, 607.3292661534018)
(89.45654454582136, 261.2857844366078, 605.7996441729173)
(83.15998920862094, 250.11753446900244, 608.1838190518981)
(90.42589825061393, 248.72776594442163, 617.9089937221648)
(92.40976382306786, 237.67861448866594, 626.3110016154895)
(92.12328426838201, 227.77886412802707, 628.8612642643766)
(92.02974688490728, 219.64713758315253, 635.6885419401153)
(84.1426389146892, 219.26063082224772, 626.4457065750878)
(74.93425348488725, 228.73908916908465, 622.8041794839884)
(68.30391375529126, 219.18040547018148, 622.179483164431)
(65.63992255426076, 211.38699180593545, 629.9389320737124)
(61.19275957147663, 198.713340627801, 636.5946768371264)
(52.11614382308527, 194.041274630461, 630.129833523616)
(43.18130737832154, 192.06064723239325, 625.8603728806286)
(49.824606994393115, 184.05136190362208, 633.8754106438147)
(65.93312347550001, 186.72104613890843, 647.7403827688642)
(58.1597281885245, 174.551242070565, 651.5008306589586)
(33.53857021346679, 156.58296373761988, 646.9155372307647)
(21.529473232605845, 164.3733358527532, 636.5856007403531)
(15.937217829133987, 173.07067122810093, 628.2737787803711)
(20.056058056164396, 177.88265786638235, 620.3126058558097)
(12.053648633830127, 184.2053171624584, 618.8639724059717)
(1.732033820283141, 172.19566909788082, 615.7678260041247)
(2.529485501025941, 155.79261836566144, 630.8831851553135)
(0.6100191502229624, 146.98103450181088, 635.9163923228101)
(18.488845459651625, 135.51439875670968, 654.6001438708396)
(38.919422349790786, 134.8560360679027, 661.3804084652286)
(45.08348786291505, 144.37409871861928, 663.2259900497769)
(35.03942962420481, 114.34735406848068, 676.7846096631453)
(28.97008267784795, 103.11030763162543, 683.1043330697651)
(36.990025929546974, 86.19024587113516, 692.5396505689529)
(21.51182423722453, 83.48581878779609, 688.5383912604951)
(11.491575378492824, 68.30872168762869, 684.5014289368545)
(12.084671731771301, 51.13468672720084, 693.3787989332066)
(17.36386233153442, 43.04676960617692, 699.690918752886)
(26.123425999806326, 45.60715332817067, 715.1312123821131)
(40.86084669779688, 46.855491936068304, 717.2617623430289)
(48.908553301963806, 53.7919334793297, 720.1510442770373)
(34.7583626577424, 65.61543800136754, 702.3250781429437)
(51.45343281839093, 82.36283948672323, 708.1699863679027)
(69.01149715416088, 77.77595035704854, 714.4076570684971)
(81.42224055421998, 65.91809427650402, 725.481453326951)
(94.47862822133985, 99.26756341521175, 708.9294644864094)
(83.4078682756777, 105.53321912438346, 706.0691712588025)
(80.0365565320858, 113.77908564509937, 699.9896578920883)
(75.34461692789868, 114.8694978747421, 689.9311746551799)
(92.76254435055553, 113.82692241773113, 697.3217691618067)
(96.8726043698992, 114.90537761270193, 708.1856819596619)
(89.63746833249891, 135.428707305558, 690.2943338045627)
(92.88414662291284, 153.3372971643473, 678.8437168708045)
(101.69850373087263, 172.82316711230433, 668.4714337966645)
(112.73233845293291, 185.81320410124974, 662.0628910986871)
(100.60924509436254, 197.62912901865022, 654.000048380255)
(95.06715818700695, 197.63055432514227, 655.0373940261916)
(91.80791145090694, 198.75527562993085, 644.5803059723515)
(96.44358134171598, 210.33474521287732, 647.4822851578202)
(107.38039103613367, 212.84903630089113, 647.589527821652)
(118.0149379608978, 217.17679072533812, 645.513690883357)
(105.32614754063724, 223.6886976171117, 642.6837062597067)
(120.25308448721105, 233.94414542454166, 644.0952478661633)
(132.93456118905672, 240.8636672767198, 640.3971422114149)
(139.87268269251163, 258.2237987706532, 637.8552182912484)
(154.68247073289538, 246.56636977314605, 645.3852459704729)
(144.7705735633661, 226.65914107258754, 651.2976613682564)
(161.99775047679, 198.0785951606605, 683.2908398053734)
(165.71703777741715, 176.2384216454826, 687.496147788556)
(152.5651301072507, 177.68459600555036, 686.5536983058684)
(179.97418403382014, 184.58369058759672, 688.7219783268927)
(199.72685278938178, 184.55679544113474, 698.4898407882833)
(204.3797858897923, 184.566237112704, 703.967575556501)
(244.2409667754852, 188.07904767496342, 710.2366688714015)
(252.06556829942323, 199.8361744605401, 710.2715932007956)
(257.3476697572754, 215.42676688200024, 709.1849547291089)
(278.0591926698209, 205.87268854254685, 714.4895482895752)
(290.1190756231815, 207.25881859728767, 721.4617925036198)
(295.0289635986449, 198.771053153784, 718.0205269598052)
(305.58239863524744, 191.6179658971267, 718.1546398040875)
(312.03187714444994, 182.76077763991876, 706.440206508323)
(319.7068640745239, 176.44665237063262, 698.7016279507383)
(301.4526009961502, 163.43503377151202, 707.1982934431038)
(299.1424979268915, 150.05616355135427, 705.4675632975325)
(293.1869479404049, 141.46520377451327, 707.2717346809694)
(284.6326087251642, 153.84601953374587, 718.8382480560263)
(287.13095565095705, 178.04760148365867, 719.896809458505)
(251.91530331086986, 178.15883275297784, 724.4792631980058)
(276.27576960405867, 120.248433252083, 713.368474592388)
(283.68534611477753, 113.83506407957772, 702.1322895088331)
(279.5669754105601, 104.29191924886716, 693.2743912800448)
(269.35189718920714, 94.09182376158853, 702.0692176092189)
(251.82059521125964, 84.7737113686255, 711.9537643781348)
(247.92253690201576, 72.12149888103475, 712.7922305766707)
(242.96259805930165, 58.49784017458959, 711.5876624278391)
(242.3099736356219, 42.98908247213568, 704.5244233201461)
(234.94486091814298, 32.93985054365878, 712.0018110012538)
(224.76711713743975, 31.569496022088806, 714.7582587314461)
(228.0809683104799, 19.13153253586497, 709.9223887942933)
(242.00596085253108, 0.17969391097166776, 688.8719550709952)
(256.4179877678788, 27.57780643237384, 686.7892865525264)
(264.8629554101385, 9.8587165696013, 666.337301192348)
(288.8897926974788, 19.005015340282593, 647.5539036427177)
(300.7582682296109, 28.887660082883237, 649.8436435421133)
(304.4034955575761, 11.66419771602495, 644.4315161701588)
(317.46708787796, 24.826801574839518, 635.8413284233498)
(324.7324200929718, 37.15873256360036, 636.4340387413383)
(321.16302204571946, 45.33730369786271, 645.1768761419224)
(304.2802030696404, 48.859976821777785, 648.4611584550365)
(291.27103284637735, 55.71600470264671, 663.7376766807097)
(267.59634214177464, 59.061624546267346, 690.4400412080591)
(254.5347836034461, 68.7372156549591, 699.445500305567)
(259.5165621776479, 114.56914770275495, 716.8572760656201)
(295.0222863459921, 110.7979308653439, 683.385788342605)
(301.70891844793056, 91.0697510893485, 668.0851281524025)
(324.9009794077721, 87.35783339307501, 649.7239754444097)
(329.0616456118141, 78.14706482931028, 643.3416088116337)
(326.405811364524, 64.14535949258266, 640.1304219005219)
(333.4601968080826, 55.78146900210535, 634.7299702723977)
(341.01096811665815, 55.811674684990265, 632.646076342519)
(352.5795402672026, 54.397231719581775, 634.1711402769179)
(355.5978964034465, 62.66323088703901, 628.9943254129131)
(358.7082964470999, 78.24935698502355, 635.6381665787414)
(380.57087740007483, 87.4115713159349, 625.1221395278825)
(378.3678549452222, 97.53894530591184, 623.8070509432256)
(388.57130314407647, 98.50016464523831, 620.099904731369)
(399.78083141841853, 97.49675983773443, 622.158622224294)
(399.12805993251027, 87.44122809680843, 616.3231235810381)
(402.3612604093314, 75.92601973279179, 618.5088720837418)
(406.5206114067992, 69.62433056409817, 610.8665669857422)
(407.55969064842543, 59.085026525984794, 615.4932775696607)
(396.6566599017512, 60.00511828351329, 621.7857552177238)
(388.77683057250493, 69.56848352183314, 620.0472719387924)
(380.0604506296634, 55.744252639961914, 625.2043778509027)
(369.5330865750463, 51.635845847785525, 620.4704928529023)
(375.49343605051075, 41.75036880661281, 625.919376299324)
(379.1936425645592, 36.85748326460803, 617.1078137027833)
(386.8566075370659, 31.5517917912298, 623.0996362980798)
(387.4090190822651, 21.404209802753314, 621.777807203874)
(390.34217681003923, 15.427184432522944, 613.427270748185)
(386.3279023379936, 2.7110888758399843, 608.9265358688059)
(394.4980763222515, 0.2729071257868698, 614.2919291029291)
(396.94044224863546, 1.8518243652193567, 604.4969930790925)
(407.66119320223027, 0.5473892089686849, 607.77845585251)
(416.61166607125443, 12.429498153715969, 597.3793807983097)
(424.99329441315814, 2.4789723269169617, 597.864439298856)
(432.7663794760802, 2.4494999910321114, 587.2963007255729)
(432.9957954638827, 12.43990788918936, 589.8554678043782)
(437.7772439986702, 19.141222201088105, 597.3782959869636)
(439.5695218641251, 24.7587960703084, 588.6008106954106)
(450.43696473154347, 24.157972520176653, 588.2756111000888)
(453.87225487493004, 37.31067052209741, 592.5920133153716)
(454.53616768482516, 48.006219258166006, 592.7066680255472)
(464.4799365587184, 45.90234014920791, 588.4559986851378)
(467.01801845412785, 58.760285564201155, 592.3494134612947)
(467.21979920634385, 73.27400308771203, 594.2878672715414)
(465.463785071366, 30.740514504338957, 573.7412812020443)
(464.92577328017734, 10.050419857075443, 570.0195153498012)
(479.82694633933204, 4.2744982122433495, 567.3389506487641)
(483.8447781114627, 0.4595714247932481, 555.7566600865476)
(495.8054211715779, 0.38504478119849583, 553.6520445920795)
(496.3445584485108, 12.214210223941869, 552.8220572706831)
(498.49086590143753, 44.3364600358277, 561.7524533154677)
(448.12277890103167, 0.208336085330163, 586.0258368709872)
(426.2705850624389, 21.900256363431126, 600.5370630121055)
(431.3910258161238, 28.62551396255464, 594.7729560096358)
(414.3871794963625, 27.574537183709722, 605.5055919874334)
(404.15277381851644, 26.82784148445022, 612.4232629829037)
(402.4165114199184, 35.847267157166854, 606.5836584944573)
(401.7765886628079, 48.87724005367189, 609.4196148004502)
(397.76899128145095, 43.96330062059434, 619.5164914171311)
(418.3889983988451, 44.382304123958605, 602.5551329957791)
(420.6324950030121, 99.96766783749511, 612.9754140088479)
(428.28970917525913, 113.29419130831452, 604.0706378802531)
(434.38314758057805, 121.39371873141187, 604.4512251800659)
(455.9789442057651, 195.38096002128447, 594.7343933151935)
(462.21392011697424, 193.80122008994434, 582.2638336158337)
(472.7544286005075, 194.901410416618, 584.2771997418187)
(458.00628332859617, 213.07711636699227, 586.1608696056715)
(450.46549874520736, 220.0788370809531, 588.710070100819)
(444.0461222214647, 208.88247550466437, 594.3730725794061)
(436.9701169481809, 208.23044820494812, 606.0657199274067)
(423.30225672730916, 212.60867275612378, 614.1672387321858)
(435.24766320401665, 227.0747313988506, 605.010204857636)
(442.3024335003728, 232.25103987510892, 595.4731658706129)
(422.0955496748758, 238.63236842948282, 615.011681993518)
(402.7832785899797, 226.71510654443932, 633.0376614727192)
(401.22404828897373, 215.06323478931512, 638.4267899130562)
(373.08633222194857, 203.3605321392507, 659.3045679854908)
(366.1534795446954, 213.06053694912575, 677.8025838608334)
(349.84133300913726, 204.90618756966634, 682.3803453308474)
(348.00262652507405, 191.12586583074352, 678.368101148124)
(343.0546841958905, 193.76764721962897, 689.0970137997675)
(336.47126340969925, 193.80780557150146, 694.3865903385945)
(324.1880505380543, 208.20266050769044, 704.1107807653196)
(339.88099604125347, 215.57776714643435, 701.5966366687622)
(347.90743723968905, 227.4235242348937, 694.6277231801271)
(348.2722163306934, 237.65068591261274, 696.769351413874)
(359.4527535520985, 237.4985215448387, 693.8842743598128)
(362.3174235779438, 245.6599430173455, 687.8329398899248)
(372.00115446031486, 254.14443091850896, 678.4998678598496)
(382.0770506848033, 275.16951553813095, 668.9343927476272)
(378.46406878491473, 293.65971810352664, 681.1313074428423)
(381.770592286029, 305.2889994649068, 681.6573033024616)
(368.5693522623943, 277.34345825569903, 698.1291122989203)
(364.2930980407857, 284.2606295597126, 704.7666842402135)
(350.51538191176553, 259.8948429124726, 703.2624271744689)
(337.9509324457339, 251.83342841223754, 713.7072098808619)
(331.34040934187806, 251.78180092283253, 713.1323333205424)
(334.4890886794118, 239.9572315284087, 709.0785237636148)
(335.79336592100054, 228.14813301614083, 710.7019175829538)
(324.14939319902334, 229.3166185982624, 712.2729785901925)
(314.89616672862365, 233.51027112769972, 721.2152943879488)
(312.654474381421, 219.94848716662096, 715.0647598672014)
(297.522101959445, 225.9037141091779, 718.5909508545328)
(290.39648393844476, 233.47337038835565, 712.9118790220164)
(308.3176638242262, 151.37783138452238, 690.6786062098621)
(327.08606594858924, 155.16750958559183, 684.3214685546336)
(334.1096908757775, 163.2929974689155, 684.0793330239894)
(334.7885544612312, 143.3586140740418, 675.6659147248384)
(357.97520310991735, 150.04803810702398, 660.1499499268243)
(361.9751026271495, 170.03839247912745, 664.927100435568)
(357.64017462213934, 181.6193900733582, 670.0501759049063)
(338.8938118587276, 118.2422381811365, 654.8852369834462)
(326.904440460495, 111.89103637464359, 663.7014869631871)
(348.9127830011151, 37.96520501645057, 625.9194697000299)
(347.2594926987987, 24.815791285596468, 625.9259770594529)
(362.32540003259544, 19.281653533628816, 626.4195777991465)
(376.9583060632233, 11.790738939773671, 624.7909226868748)
(373.07077697106405, 2.160791906629933, 616.0984683803944)
(357.71129375519337, 1.3859245238542761, 626.8074531772861)
(333.890120806005, 0.23103625360004765, 631.416592675103)
(324.87092578473334, 7.066369956317208, 634.4846117192711)
(333.0472374987392, 26.53829157161208, 633.6801862116909)
(362.64055203748154, 39.73959492369583, 630.9005246995139)
(499.9780615461037, 144.57815326286672, 565.8427175718898)
(499.9146964130311, 157.06655107012267, 568.7281716148138)
(489.2028018857786, 162.21021163815453, 566.3485956885711)
(499.36705860714306, 242.62990071193008, 558.2751072748539)
(499.5418494576132, 258.61369437166604, 556.0403857680885)
(401.4805454342727, 270.03766217636513, 645.8542460432178)
(318.6060665384379, 396.29404615470764, 679.6952714193887)
(332.8275083680524, 409.66710999531887, 694.8455308845498)
(312.3302062263828, 421.8651791015567, 681.4436270834045)
(334.3373937587554, 439.6454184083229, 690.7433231562703)
(330.26743546300474, 461.80515377809763, 681.3630137288247)
(351.4971002952021, 498.52259638722825, 696.4848462514751)
(366.4667749640696, 499.7510281611841, 697.371865450985)
(372.3975740994642, 499.97356232698326, 707.7159618219601)
(388.57340948806353, 498.97960144373025, 710.6756753980609)
(482.6865734139906, 487.85217895283205, 599.7081363737772)
(484.54217314306015, 476.3701844615534, 593.6671440591198)
(490.20467496064214, 466.3266419405067, 586.0870906008099)
(498.24651504837, 474.9407107408919, 579.7521071539134)
(494.16794452079233, 486.01942452892047, 589.436931673607)
(487.4311684770499, 496.7811348674345, 589.7923827344305)
(210.64944794235367, 491.72766567389317, 584.9290503006736)
(159.32036004008637, 475.083902072747, 559.4239272279417)
(148.81156723987803, 480.36660684314626, 554.0721436900988)
(152.44061044674694, 465.0071219971159, 554.0223584908056)
(135.52328707849492, 471.4047724171029, 545.8431282980046)
(134.89023597950006, 486.3871450047734, 544.2499122660381)
(129.78631297303855, 480.092285366907, 534.6268342358018)
(116.10228332016226, 485.6254352257111, 529.8468941774117)
(98.47025427198164, 468.4712984967166, 520.5567084976226)
(80.91093653899506, 456.9957239366983, 521.7930433100596)
(58.46496940864016, 464.2888211588376, 499.3216751781901)
(59.74578425136534, 475.8297357994104, 499.5317939762103)
(120.79339372719983, 457.77159342640977, 542.0452669366563)
(138.84877178558142, 498.532124380221, 539.3150106221058)
(149.15786671081287, 499.90343220933886, 548.1925385302036)
(124.82787145517015, 397.67035875087566, 551.4432165932833)
(86.76772336170252, 324.5928394566713, 574.4095677990113)
(78.80507048075447, 314.8563743695861, 579.3515596154804)
(75.12387863651992, 299.46618176599605, 582.1984717666885)
(72.04050506291392, 290.58786326086226, 588.8603282719561)
(77.03347635378788, 281.92736375168596, 596.2440340654396)
(71.53599770409136, 269.8680238014709, 601.3187746343851)
(66.24255598496026, 253.1752445028354, 599.5661102228859)
(52.89041726824168, 254.47655279397108, 594.2097522318007)
(56.18898105011117, 243.1310485757845, 603.3986957320388)
(52.68025027581436, 228.67732046109685, 605.0202294602705)
(55.19332763371021, 220.46651442581356, 612.9803595315551)
(51.766659006145076, 210.10469473141592, 615.4240067370506)
(38.74552529071368, 199.85184579199628, 616.0758036303632)
(34.46742242229717, 212.59404435483648, 608.7540611641576)
(33.796337023578204, 226.0207728034939, 606.8697746973457)
(28.702656468580113, 226.9692416190181, 596.1616164944977)
(20.98413208206573, 226.9661209919902, 593.0371263146702)
(23.864991537375534, 236.1999190778718, 589.6692622004243)
(15.530514551810482, 242.1790503169174, 592.893632491693)
(25.401657996564964, 252.448648558813, 590.4892756720602)
(20.29371220397974, 259.82511738835353, 581.4922650624543)
(10.361657369995058, 256.92262148193294, 578.7430565037457)
(0.010706095744605904, 259.66005619109376, 572.2155054138804)
(5.635152137802524, 270.99737215764753, 577.5390803110661)
(1.1773114524771255, 279.3566020613647, 565.5028171596896)
(18.010365911050318, 285.12547233257123, 570.151579918601)
(25.653632835476948, 285.10739609600074, 572.6739411127809)
(23.279720079659228, 276.09679252345035, 578.4086873770905)
(38.79178238489378, 271.96916616358493, 581.3930926555556)
(48.368276130309305, 283.4014847706852, 577.8040928006216)
(55.03661236809382, 279.9234421926461, 589.1343975141448)
(37.04318316827404, 257.42587169983193, 586.6093722054821)
(38.05323047392717, 251.83334623402658, 597.3708363194371)
(40.79460162544019, 234.62468556390104, 597.0975143166323)
(19.612370725060167, 219.38902983862997, 602.940706699892)
(12.735745005502451, 210.88122748661903, 599.5016413266659)
(1.9224346446997664, 211.97847095521527, 591.2396208270595)
(5.660605765858473, 198.78428804837455, 599.517189372707)
(21.628734184002518, 206.44728821295033, 611.8171937935168)
(28.548972037388708, 187.92497803186197, 618.3527079625444)
(31.613965708135684, 171.25806713473597, 629.5036635772962)
(74.36249334622485, 197.99098591471537, 637.5329837490291)
(79.11201510975107, 212.8606663006365, 638.7039959006531)
(66.65574488861775, 230.4513666706837, 612.2150781644592)
(80.10095760057018, 239.677538338891, 614.0174237809676)
(124.39468005903554, 278.1311239279088, 612.16462632831)
(127.68046694566098, 293.9519536444099, 599.6661676760101)
(139.6648190387757, 297.4311916422492, 600.2477695921071)
(149.09768108867476, 293.34893200372767, 607.3869107986324)
(143.54073113479305, 290.59286588646546, 615.8577245097462)
(156.01067223671734, 304.47397874907153, 603.3695048956041)
(61.55666388865455, 309.52712264178246, 578.1598952063663)
(44.34211655541076, 326.64069258628984, 563.149855746756)
(49.84746551541508, 334.49999400043697, 558.1535471610969)
(35.56714187537979, 333.9989681993592, 564.5105886581108)
(28.28007122946863, 339.94999172232275, 561.0727809158701)
(33.11625398583623, 349.17307245274486, 558.0928114404467)
(42.91999374299416, 356.88493173512444, 550.428059580739)
(35.86155008921899, 365.1787228773059, 548.6665372633289)
(20.85494200687188, 362.4482022027778, 544.0235773668052)
(18.154714469786725, 371.5729794167391, 549.6103026540515)
(22.669544334518566, 379.97444786958374, 545.2250276909076)
(25.077265416869444, 391.7129782754986, 544.4529404640955)
(3.5479775230731203, 386.8802545385908, 538.7685932167991)
(3.391188067837725, 373.6044872399967, 542.7672571062056)
(5.125113079642807, 360.81560917613035, 541.5408723749398)
(0.22222072542560367, 354.7742731813565, 549.6826677564262)
(12.59154372119986, 349.8408835939425, 547.3761319775156)
(1.166893692651605, 334.0304331631286, 555.2823667580117)
(1.0701955976362143, 322.50498221273233, 557.9834703867509)
(0.009357298891177201, 312.20568251763086, 554.3498218660059)
(22.27169563111808, 310.6822119302415, 569.3732113361746)
(5.916704914768145, 227.35501636502607, 588.1742241036976)
(1.7469820307140504, 118.31131432775766, 647.2816111240095)
(15.430416623633425, 111.85816203316645, 659.6342964801632)
(54.167000744184065, 108.55291817043606, 683.9622994123582)
(35.46410838440139, 30.62559869308207, 720.0491285427748)
(18.050248135772218, 31.61694602870968, 714.4673369536307)
(23.783532991096422, 13.099277620686633, 719.1607633051877)
(191.14888243570329, 135.0802335886272, 724.7675902434036)
(249.8491306752278, 351.2622369876678, 643.8042414363852)
(4.984349691232404, 401.3459444117775, 535.2562108486553)
